k: 0, current_cost: 341.0, current_schedule: [30, 29, 23, 10, 9, 14, 13, 12, 4, 20, 22, 3, 27, 28, 8, 7, 19, 21, 26, 18, 25, 17, 15, 6, 24, 16, 5, 11, 2, 1, 31]
k: 1, current_cost: 323.0, current_schedule: [30, 29, 23, 10, 9, 14, 13, 12, 4, 3, 22, 20, 27, 28, 8, 7, 21, 19, 18, 26, 25, 17, 15, 6, 24, 16, 5, 11, 2, 1, 31]
k: 2, current_cost: 312.0, current_schedule: [30, 29, 23, 10, 9, 14, 13, 12, 4, 3, 22, 20, 27, 28, 8, 21, 7, 19, 18, 26, 25, 17, 6, 15, 24, 16, 5, 11, 2, 1, 31]
k: 3, current_cost: 301.0, current_schedule: [30, 29, 23, 10, 9, 14, 13, 12, 4, 3, 27, 20, 22, 28, 8, 21, 7, 19, 18, 26, 25, 6, 17, 15, 16, 24, 5, 11, 2, 1, 31]
k: 4, current_cost: 278.0, current_schedule: [30, 29, 23, 10, 9, 14, 13, 12, 4, 3, 27, 22, 20, 28, 8, 21, 7, 19, 18, 26, 6, 25, 17, 16, 15, 24, 5, 11, 2, 1, 31]
k: 5, current_cost: 263.0, current_schedule: [30, 29, 23, 10, 9, 14, 13, 12, 4, 3, 27, 22, 20, 28, 8, 21, 7, 19, 18, 6, 26, 25, 17, 16, 15, 24, 5, 2, 11, 1, 31]
k: 6, current_cost: 257.0, current_schedule: [30, 29, 23, 10, 14, 9, 13, 12, 4, 3, 27, 22, 20, 28, 8, 21, 7, 6, 19, 18, 26, 25, 17, 16, 15, 24, 5, 2, 11, 1, 31]
k: 7, current_cost: 253.0, current_schedule: [30, 29, 10, 23, 14, 27, 13, 12, 4, 3, 9, 22, 20, 8, 28, 21, 7, 6, 19, 18, 26, 25, 17, 16, 15, 24, 5, 2, 11, 1, 31]
k: 8, current_cost: 251.0, current_schedule: [30, 29, 10, 23, 14, 27, 13, 4, 3, 12, 9, 22, 20, 8, 28, 21, 7, 6, 19, 18, 26, 25, 17, 16, 15, 24, 5, 2, 11, 1, 31]
k: 9, current_cost: 246.0, current_schedule: [30, 29, 10, 23, 14, 4, 3, 13, 27, 12, 9, 22, 20, 8, 28, 21, 7, 6, 19, 18, 26, 25, 17, 16, 15, 24, 5, 2, 11, 1, 31]
k: 10, current_cost: 230.0, current_schedule: [30, 29, 4, 3, 23, 14, 10, 13, 27, 9, 12, 22, 20, 8, 28, 21, 7, 6, 19, 18, 26, 25, 17, 16, 15, 24, 5, 2, 11, 1, 31]
k: 11, current_cost: 228.0, current_schedule: [30, 10, 4, 3, 23, 14, 29, 27, 13, 9, 28, 22, 20, 8, 21, 7, 6, 12, 19, 18, 26, 25, 17, 16, 15, 24, 5, 2, 11, 1, 31]
k: 12, current_cost: 226.0, current_schedule: [30, 10, 4, 3, 23, 14, 29, 27, 13, 9, 28, 22, 20, 8, 21, 7, 6, 19, 18, 26, 12, 25, 17, 16, 15, 24, 5, 2, 11, 1, 31]
k: 13, current_cost: 221.0, current_schedule: [30, 10, 4, 3, 23, 14, 29, 27, 13, 9, 28, 22, 20, 8, 21, 7, 6, 19, 18, 26, 12, 25, 17, 24, 16, 5, 2, 15, 11, 1, 31]
k: 14, current_cost: 218.0, current_schedule: [30, 23, 4, 3, 10, 14, 29, 27, 13, 9, 28, 22, 20, 8, 21, 7, 6, 19, 18, 26, 12, 25, 17, 16, 24, 5, 2, 15, 11, 1, 31]
k: 15, current_cost: 216.0, current_schedule: [30, 4, 10, 3, 23, 14, 29, 27, 13, 9, 22, 28, 20, 8, 21, 7, 6, 19, 18, 26, 12, 25, 17, 16, 24, 5, 2, 15, 11, 1, 31]
k: 16, current_cost: 212.0, current_schedule: [30, 4, 10, 3, 23, 29, 14, 20, 13, 9, 22, 8, 27, 19, 21, 7, 6, 18, 28, 26, 12, 25, 17, 16, 24, 5, 2, 15, 11, 1, 31]
k: 17, current_cost: 206.0, current_schedule: [30, 4, 10, 3, 23, 29, 14, 9, 20, 19, 22, 8, 27, 7, 21, 6, 18, 13, 12, 28, 26, 25, 17, 16, 24, 5, 2, 15, 11, 1, 31]
k: 18, current_cost: 202.0, current_schedule: [30, 4, 3, 10, 9, 29, 20, 23, 19, 22, 21, 14, 8, 7, 6, 18, 27, 28, 13, 12, 26, 25, 17, 16, 24, 5, 2, 15, 11, 1, 31]
k: 19, current_cost: 172.0, current_schedule: [30, 4, 3, 10, 29, 20, 9, 23, 22, 19, 21, 14, 8, 7, 6, 18, 27, 28, 13, 17, 16, 26, 25, 12, 24, 5, 2, 15, 11, 1, 31]
k: 20, current_cost: 164.0, current_schedule: [30, 4, 10, 3, 23, 20, 29, 9, 22, 19, 21, 8, 14, 7, 6, 18, 17, 16, 28, 13, 27, 26, 25, 12, 24, 5, 2, 15, 11, 1, 31]
k: 21, current_cost: 164.0, current_schedule: [30, 4, 10, 3, 23, 20, 29, 9, 22, 19, 21, 8, 14, 7, 6, 18, 17, 16, 28, 13, 27, 26, 25, 12, 24, 5, 2, 15, 11, 1, 31]
k: 22, current_cost: 164.0, current_schedule: [30, 4, 10, 3, 23, 20, 29, 9, 22, 19, 21, 8, 14, 7, 6, 18, 17, 16, 28, 13, 27, 26, 25, 12, 24, 5, 2, 15, 11, 1, 31]
k: 23, current_cost: 164.0, current_schedule: [30, 4, 10, 3, 23, 20, 29, 9, 22, 19, 21, 8, 14, 7, 6, 18, 17, 16, 28, 13, 27, 26, 25, 12, 24, 5, 2, 15, 11, 1, 31]
k: 24, current_cost: 164.0, current_schedule: [30, 4, 10, 3, 23, 20, 29, 9, 22, 19, 21, 8, 14, 7, 6, 18, 17, 16, 28, 13, 27, 26, 25, 12, 24, 5, 2, 15, 11, 1, 31]
k: 25, current_cost: 164.0, current_schedule: [30, 4, 10, 3, 23, 20, 29, 9, 22, 19, 21, 8, 14, 7, 6, 18, 17, 16, 28, 13, 27, 26, 25, 12, 24, 5, 2, 15, 11, 1, 31]
k: 26, current_cost: 164.0, current_schedule: [30, 4, 10, 3, 23, 20, 29, 9, 22, 19, 21, 8, 14, 7, 6, 18, 17, 16, 28, 13, 27, 26, 25, 12, 24, 5, 2, 15, 11, 1, 31]
k: 27, current_cost: 164.0, current_schedule: [30, 4, 10, 3, 23, 20, 29, 9, 22, 19, 21, 8, 14, 7, 6, 18, 17, 16, 28, 13, 27, 26, 25, 12, 24, 5, 2, 15, 11, 1, 31]
k: 28, current_cost: 164.0, current_schedule: [30, 4, 10, 3, 23, 20, 29, 9, 22, 19, 21, 8, 14, 7, 6, 18, 17, 16, 28, 13, 27, 26, 25, 12, 24, 5, 2, 15, 11, 1, 31]
k: 29, current_cost: 164.0, current_schedule: [30, 4, 10, 3, 23, 20, 29, 9, 22, 19, 21, 8, 14, 7, 6, 18, 17, 16, 28, 13, 27, 26, 25, 12, 24, 5, 2, 15, 11, 1, 31]
k: 30, current_cost: 164.0, current_schedule: [30, 4, 10, 3, 23, 20, 29, 9, 22, 19, 21, 8, 14, 7, 6, 18, 17, 16, 28, 13, 27, 26, 25, 12, 24, 5, 2, 15, 11, 1, 31]
k: 31, current_cost: 164.0, current_schedule: [30, 4, 10, 3, 23, 20, 29, 9, 22, 19, 21, 8, 14, 7, 6, 18, 17, 16, 28, 13, 27, 26, 25, 12, 24, 5, 2, 15, 11, 1, 31]
k: 32, current_cost: 164.0, current_schedule: [30, 4, 10, 3, 23, 20, 29, 9, 22, 19, 21, 8, 14, 7, 6, 18, 17, 16, 28, 13, 27, 26, 25, 12, 24, 5, 2, 15, 11, 1, 31]
k: 33, current_cost: 164.0, current_schedule: [30, 4, 10, 3, 23, 20, 29, 9, 22, 19, 21, 8, 14, 7, 6, 18, 17, 16, 28, 13, 27, 26, 25, 12, 24, 5, 2, 15, 11, 1, 31]
k: 34, current_cost: 164.0, current_schedule: [30, 4, 10, 3, 23, 20, 29, 9, 22, 19, 21, 8, 14, 7, 6, 18, 17, 16, 28, 13, 27, 26, 25, 12, 24, 5, 2, 15, 11, 1, 31]
k: 35, current_cost: 164.0, current_schedule: [30, 4, 10, 3, 23, 20, 29, 9, 22, 19, 21, 8, 14, 7, 6, 18, 17, 16, 28, 13, 27, 26, 25, 12, 24, 5, 2, 15, 11, 1, 31]
k: 36, current_cost: 164.0, current_schedule: [30, 4, 10, 3, 23, 20, 29, 9, 22, 19, 21, 8, 14, 7, 6, 18, 17, 16, 28, 13, 27, 26, 25, 12, 24, 5, 2, 15, 11, 1, 31]
k: 37, current_cost: 164.0, current_schedule: [30, 4, 10, 3, 23, 20, 29, 9, 22, 19, 21, 8, 14, 7, 6, 18, 17, 16, 28, 13, 27, 26, 25, 12, 24, 5, 2, 15, 11, 1, 31]
k: 38, current_cost: 164.0, current_schedule: [30, 4, 10, 3, 23, 20, 29, 9, 22, 19, 21, 8, 14, 7, 6, 18, 17, 16, 28, 13, 27, 26, 25, 12, 24, 5, 2, 15, 11, 1, 31]
k: 39, current_cost: 164.0, current_schedule: [30, 4, 10, 3, 23, 20, 29, 9, 22, 19, 21, 8, 14, 7, 6, 18, 17, 16, 28, 13, 27, 26, 25, 12, 24, 5, 2, 15, 11, 1, 31]
k: 40, current_cost: 164.0, current_schedule: [30, 4, 10, 3, 23, 20, 29, 9, 22, 19, 21, 8, 14, 7, 6, 18, 17, 16, 28, 13, 27, 26, 25, 12, 24, 5, 2, 15, 11, 1, 31]
k: 41, current_cost: 164.0, current_schedule: [30, 4, 10, 3, 23, 20, 29, 9, 22, 19, 21, 8, 14, 7, 6, 18, 17, 16, 28, 13, 27, 26, 25, 12, 24, 5, 2, 15, 11, 1, 31]
k: 42, current_cost: 164.0, current_schedule: [30, 4, 10, 3, 23, 20, 29, 9, 22, 19, 21, 8, 14, 7, 6, 18, 17, 16, 28, 13, 27, 26, 25, 12, 24, 5, 2, 15, 11, 1, 31]
k: 43, current_cost: 164.0, current_schedule: [30, 4, 10, 3, 23, 20, 29, 9, 22, 19, 21, 8, 14, 7, 6, 18, 17, 16, 28, 13, 27, 26, 25, 12, 24, 5, 2, 15, 11, 1, 31]
k: 44, current_cost: 164.0, current_schedule: [30, 4, 10, 3, 23, 20, 29, 9, 22, 19, 21, 8, 14, 7, 6, 18, 17, 16, 28, 13, 27, 26, 25, 12, 24, 5, 2, 15, 11, 1, 31]
k: 45, current_cost: 164.0, current_schedule: [30, 4, 10, 3, 23, 20, 29, 9, 22, 19, 21, 8, 14, 7, 6, 18, 17, 16, 28, 13, 27, 26, 25, 12, 24, 5, 2, 15, 11, 1, 31]
k: 46, current_cost: 164.0, current_schedule: [30, 4, 10, 3, 23, 20, 29, 9, 22, 19, 21, 8, 14, 7, 6, 18, 17, 16, 28, 13, 27, 26, 25, 12, 24, 5, 2, 15, 11, 1, 31]
k: 47, current_cost: 164.0, current_schedule: [30, 4, 10, 3, 23, 20, 29, 9, 22, 19, 21, 8, 14, 7, 6, 18, 17, 16, 28, 13, 27, 26, 25, 12, 24, 5, 2, 15, 11, 1, 31]
k: 48, current_cost: 164.0, current_schedule: [30, 4, 10, 3, 23, 20, 29, 9, 22, 19, 21, 8, 14, 7, 6, 18, 17, 16, 28, 13, 27, 26, 25, 12, 24, 5, 2, 15, 11, 1, 31]
k: 49, current_cost: 161.0, current_schedule: [30, 10, 4, 3, 9, 14, 23, 20, 22, 8, 13, 21, 19, 7, 6, 18, 17, 16, 29, 28, 27, 26, 25, 12, 24, 5, 2, 15, 11, 1, 31]
k: 50, current_cost: 161.0, current_schedule: [30, 10, 4, 3, 9, 14, 23, 20, 22, 8, 13, 21, 19, 7, 6, 18, 17, 16, 29, 28, 27, 26, 25, 12, 24, 5, 2, 15, 11, 1, 31]
k: 51, current_cost: 161.0, current_schedule: [30, 10, 4, 3, 9, 14, 23, 20, 22, 8, 13, 21, 19, 7, 6, 18, 17, 16, 29, 28, 27, 26, 25, 12, 24, 5, 2, 15, 11, 1, 31]
k: 52, current_cost: 161.0, current_schedule: [30, 10, 4, 3, 9, 14, 23, 20, 22, 8, 13, 21, 19, 7, 6, 18, 17, 16, 29, 28, 27, 26, 25, 12, 24, 5, 2, 15, 11, 1, 31]
k: 53, current_cost: 161.0, current_schedule: [30, 10, 4, 3, 9, 14, 23, 20, 22, 8, 13, 21, 19, 7, 6, 18, 17, 16, 29, 28, 27, 26, 25, 12, 24, 5, 2, 15, 11, 1, 31]
k: 54, current_cost: 161.0, current_schedule: [30, 10, 4, 3, 9, 14, 23, 20, 22, 8, 13, 21, 19, 7, 6, 18, 17, 16, 29, 28, 27, 26, 25, 12, 24, 5, 2, 15, 11, 1, 31]
k: 55, current_cost: 161.0, current_schedule: [30, 10, 4, 3, 9, 14, 23, 20, 22, 8, 13, 21, 19, 7, 6, 18, 17, 16, 29, 28, 27, 26, 25, 12, 24, 5, 2, 15, 11, 1, 31]
k: 56, current_cost: 161.0, current_schedule: [30, 10, 4, 3, 9, 14, 23, 20, 22, 8, 13, 21, 19, 7, 6, 18, 17, 16, 29, 28, 27, 26, 25, 12, 24, 5, 2, 15, 11, 1, 31]
k: 57, current_cost: 161.0, current_schedule: [30, 10, 4, 3, 9, 14, 23, 20, 22, 8, 13, 21, 19, 7, 6, 18, 17, 16, 29, 28, 27, 26, 25, 12, 24, 5, 2, 15, 11, 1, 31]
k: 58, current_cost: 161.0, current_schedule: [30, 10, 4, 3, 9, 14, 23, 20, 22, 8, 13, 21, 19, 7, 6, 18, 17, 16, 29, 28, 27, 26, 25, 12, 24, 5, 2, 15, 11, 1, 31]
k: 59, current_cost: 161.0, current_schedule: [30, 10, 4, 3, 9, 14, 23, 20, 22, 8, 13, 21, 19, 7, 6, 18, 17, 16, 29, 28, 27, 26, 25, 12, 24, 5, 2, 15, 11, 1, 31]
k: 60, current_cost: 161.0, current_schedule: [30, 10, 4, 3, 9, 14, 23, 20, 22, 8, 13, 21, 19, 7, 6, 18, 17, 16, 29, 28, 27, 26, 25, 12, 24, 5, 2, 15, 11, 1, 31]
k: 61, current_cost: 161.0, current_schedule: [30, 10, 4, 3, 9, 14, 23, 20, 22, 8, 13, 21, 19, 7, 6, 18, 17, 16, 29, 28, 27, 26, 25, 12, 24, 5, 2, 15, 11, 1, 31]
k: 62, current_cost: 161.0, current_schedule: [30, 10, 4, 3, 9, 14, 23, 20, 22, 8, 13, 21, 19, 7, 6, 18, 17, 16, 29, 28, 27, 26, 25, 12, 24, 5, 2, 15, 11, 1, 31]
k: 63, current_cost: 161.0, current_schedule: [30, 10, 4, 3, 9, 14, 23, 20, 22, 8, 13, 21, 19, 7, 6, 18, 17, 16, 29, 28, 27, 26, 25, 12, 24, 5, 2, 15, 11, 1, 31]
k: 64, current_cost: 161.0, current_schedule: [30, 10, 4, 3, 9, 14, 23, 20, 22, 8, 13, 21, 19, 7, 6, 18, 17, 16, 29, 28, 27, 26, 25, 12, 24, 5, 2, 15, 11, 1, 31]
k: 65, current_cost: 161.0, current_schedule: [30, 10, 4, 3, 9, 14, 23, 20, 22, 8, 13, 21, 19, 7, 6, 18, 17, 16, 29, 28, 27, 26, 25, 12, 24, 5, 2, 15, 11, 1, 31]
k: 66, current_cost: 161.0, current_schedule: [30, 10, 4, 3, 9, 14, 23, 20, 22, 8, 13, 21, 19, 7, 6, 18, 17, 16, 29, 28, 27, 26, 25, 12, 24, 5, 2, 15, 11, 1, 31]
k: 67, current_cost: 161.0, current_schedule: [30, 10, 4, 3, 9, 14, 23, 20, 22, 8, 13, 21, 19, 7, 6, 18, 17, 16, 29, 28, 27, 26, 25, 12, 24, 5, 2, 15, 11, 1, 31]
k: 68, current_cost: 161.0, current_schedule: [30, 10, 4, 3, 9, 14, 23, 20, 22, 8, 13, 21, 19, 7, 6, 18, 17, 16, 29, 28, 27, 26, 25, 12, 24, 5, 2, 15, 11, 1, 31]
k: 69, current_cost: 161.0, current_schedule: [30, 10, 4, 3, 9, 14, 23, 20, 22, 8, 13, 21, 19, 7, 6, 18, 17, 16, 29, 28, 27, 26, 25, 12, 24, 5, 2, 15, 11, 1, 31]
k: 70, current_cost: 161.0, current_schedule: [30, 10, 4, 3, 9, 14, 23, 20, 22, 8, 13, 21, 19, 7, 6, 18, 17, 16, 29, 28, 27, 26, 25, 12, 24, 5, 2, 15, 11, 1, 31]
k: 71, current_cost: 161.0, current_schedule: [30, 10, 4, 3, 9, 14, 23, 20, 22, 8, 13, 21, 19, 7, 6, 18, 17, 16, 29, 28, 27, 26, 25, 12, 24, 5, 2, 15, 11, 1, 31]
k: 72, current_cost: 161.0, current_schedule: [30, 10, 4, 3, 9, 14, 23, 20, 22, 8, 13, 21, 19, 7, 6, 18, 17, 16, 29, 28, 27, 26, 25, 12, 24, 5, 2, 15, 11, 1, 31]
k: 73, current_cost: 161.0, current_schedule: [30, 10, 4, 3, 9, 14, 23, 20, 22, 8, 13, 21, 19, 7, 6, 18, 17, 16, 29, 28, 27, 26, 25, 12, 24, 5, 2, 15, 11, 1, 31]
k: 74, current_cost: 161.0, current_schedule: [30, 10, 4, 3, 9, 14, 23, 20, 22, 8, 13, 21, 19, 7, 6, 18, 17, 16, 29, 28, 27, 26, 25, 12, 24, 5, 2, 15, 11, 1, 31]
k: 75, current_cost: 161.0, current_schedule: [30, 10, 4, 3, 9, 14, 23, 20, 22, 8, 13, 21, 19, 7, 6, 18, 17, 16, 29, 28, 27, 26, 25, 12, 24, 5, 2, 15, 11, 1, 31]
k: 76, current_cost: 161.0, current_schedule: [30, 10, 4, 3, 9, 14, 23, 20, 22, 8, 13, 21, 19, 7, 6, 18, 17, 16, 29, 28, 27, 26, 25, 12, 24, 5, 2, 15, 11, 1, 31]
k: 77, current_cost: 161.0, current_schedule: [30, 10, 4, 3, 9, 14, 23, 20, 22, 8, 13, 21, 19, 7, 6, 18, 17, 16, 29, 28, 27, 26, 25, 12, 24, 5, 2, 15, 11, 1, 31]
k: 78, current_cost: 161.0, current_schedule: [30, 10, 4, 3, 9, 14, 23, 20, 22, 8, 13, 21, 19, 7, 6, 18, 17, 16, 29, 28, 27, 26, 25, 12, 24, 5, 2, 15, 11, 1, 31]
k: 79, current_cost: 161.0, current_schedule: [30, 10, 4, 3, 9, 14, 23, 20, 22, 8, 13, 21, 19, 7, 6, 18, 17, 16, 29, 28, 27, 26, 25, 12, 24, 5, 2, 15, 11, 1, 31]
k: 80, current_cost: 161.0, current_schedule: [30, 10, 4, 3, 9, 14, 23, 20, 22, 8, 13, 21, 19, 7, 6, 18, 17, 16, 29, 28, 27, 26, 25, 12, 24, 5, 2, 15, 11, 1, 31]
k: 81, current_cost: 161.0, current_schedule: [30, 10, 4, 3, 9, 14, 23, 20, 22, 8, 13, 21, 19, 7, 6, 18, 17, 16, 29, 28, 27, 26, 25, 12, 24, 5, 2, 15, 11, 1, 31]
k: 82, current_cost: 161.0, current_schedule: [30, 10, 4, 3, 9, 14, 23, 20, 22, 8, 13, 21, 19, 7, 6, 18, 17, 16, 29, 28, 27, 26, 25, 12, 24, 5, 2, 15, 11, 1, 31]
k: 83, current_cost: 161.0, current_schedule: [30, 10, 4, 3, 9, 14, 23, 20, 22, 8, 13, 21, 19, 7, 6, 18, 17, 16, 29, 28, 27, 26, 25, 12, 24, 5, 2, 15, 11, 1, 31]
k: 84, current_cost: 161.0, current_schedule: [30, 10, 4, 3, 9, 14, 23, 20, 22, 8, 13, 21, 19, 7, 6, 18, 17, 16, 29, 28, 27, 26, 25, 12, 24, 5, 2, 15, 11, 1, 31]
k: 85, current_cost: 161.0, current_schedule: [30, 10, 4, 3, 9, 14, 23, 20, 22, 8, 13, 21, 19, 7, 6, 18, 17, 16, 29, 28, 27, 26, 25, 12, 24, 5, 2, 15, 11, 1, 31]
k: 86, current_cost: 161.0, current_schedule: [30, 10, 4, 3, 9, 14, 23, 20, 22, 8, 13, 21, 19, 7, 6, 18, 17, 16, 29, 28, 27, 26, 25, 12, 24, 5, 2, 15, 11, 1, 31]
k: 87, current_cost: 161.0, current_schedule: [30, 10, 4, 3, 9, 14, 23, 20, 22, 8, 13, 21, 19, 7, 6, 18, 17, 16, 29, 28, 27, 26, 25, 12, 24, 5, 2, 15, 11, 1, 31]
k: 88, current_cost: 161.0, current_schedule: [30, 10, 4, 3, 9, 14, 23, 20, 22, 8, 13, 21, 19, 7, 6, 18, 17, 16, 29, 28, 27, 26, 25, 12, 24, 5, 2, 15, 11, 1, 31]
k: 89, current_cost: 161.0, current_schedule: [30, 10, 4, 3, 9, 14, 23, 20, 22, 8, 13, 21, 19, 7, 6, 18, 17, 16, 29, 28, 27, 26, 25, 12, 24, 5, 2, 15, 11, 1, 31]
k: 90, current_cost: 161.0, current_schedule: [30, 10, 4, 3, 9, 14, 23, 20, 22, 8, 13, 21, 19, 7, 6, 18, 17, 16, 29, 28, 27, 26, 25, 12, 24, 5, 2, 15, 11, 1, 31]
k: 91, current_cost: 161.0, current_schedule: [30, 10, 4, 3, 9, 14, 23, 20, 22, 8, 13, 21, 19, 7, 6, 18, 17, 16, 29, 28, 27, 26, 25, 12, 24, 5, 2, 15, 11, 1, 31]
k: 92, current_cost: 161.0, current_schedule: [30, 10, 4, 3, 9, 14, 23, 20, 22, 8, 13, 21, 19, 7, 6, 18, 17, 16, 29, 28, 27, 26, 25, 12, 24, 5, 2, 15, 11, 1, 31]
k: 93, current_cost: 161.0, current_schedule: [30, 10, 4, 3, 9, 14, 23, 20, 22, 8, 13, 21, 19, 7, 6, 18, 17, 16, 29, 28, 27, 26, 25, 12, 24, 5, 2, 15, 11, 1, 31]
k: 94, current_cost: 161.0, current_schedule: [30, 10, 4, 3, 9, 14, 23, 20, 22, 8, 13, 21, 19, 7, 6, 18, 17, 16, 29, 28, 27, 26, 25, 12, 24, 5, 2, 15, 11, 1, 31]
k: 95, current_cost: 161.0, current_schedule: [30, 10, 4, 3, 9, 14, 23, 20, 22, 8, 13, 21, 19, 7, 6, 18, 17, 16, 29, 28, 27, 26, 25, 12, 24, 5, 2, 15, 11, 1, 31]
k: 96, current_cost: 161.0, current_schedule: [30, 10, 4, 3, 9, 14, 23, 20, 22, 8, 13, 21, 19, 7, 6, 18, 17, 16, 29, 28, 27, 26, 25, 12, 24, 5, 2, 15, 11, 1, 31]
k: 97, current_cost: 161.0, current_schedule: [30, 10, 4, 3, 9, 14, 23, 20, 22, 8, 13, 21, 19, 7, 6, 18, 17, 16, 29, 28, 27, 26, 25, 12, 24, 5, 2, 15, 11, 1, 31]
k: 98, current_cost: 161.0, current_schedule: [30, 10, 4, 3, 9, 14, 23, 20, 22, 8, 13, 21, 19, 7, 6, 18, 17, 16, 29, 28, 27, 26, 25, 12, 24, 5, 2, 15, 11, 1, 31]
k: 99, current_cost: 161.0, current_schedule: [30, 10, 4, 3, 9, 14, 23, 20, 22, 8, 13, 21, 19, 7, 6, 18, 17, 16, 29, 28, 27, 26, 25, 12, 24, 5, 2, 15, 11, 1, 31]
k: 100, current_cost: 161.0, current_schedule: [30, 10, 4, 3, 9, 14, 23, 20, 22, 8, 13, 21, 19, 7, 6, 18, 17, 16, 29, 28, 27, 26, 25, 12, 24, 5, 2, 15, 11, 1, 31]
k: 101, current_cost: 161.0, current_schedule: [30, 10, 4, 3, 9, 14, 23, 20, 22, 8, 13, 21, 19, 7, 6, 18, 17, 16, 29, 28, 27, 26, 25, 12, 24, 5, 2, 15, 11, 1, 31]
k: 102, current_cost: 161.0, current_schedule: [30, 10, 4, 3, 9, 14, 23, 20, 22, 8, 13, 21, 19, 7, 6, 18, 17, 16, 29, 28, 27, 26, 25, 12, 24, 5, 2, 15, 11, 1, 31]
k: 103, current_cost: 161.0, current_schedule: [30, 10, 4, 3, 9, 14, 23, 20, 22, 8, 13, 21, 19, 7, 6, 18, 17, 16, 29, 28, 27, 26, 25, 12, 24, 5, 2, 15, 11, 1, 31]
k: 104, current_cost: 161.0, current_schedule: [30, 10, 4, 3, 9, 14, 23, 20, 22, 8, 13, 21, 19, 7, 6, 18, 17, 16, 29, 28, 27, 26, 25, 12, 24, 5, 2, 15, 11, 1, 31]
k: 105, current_cost: 161.0, current_schedule: [30, 10, 4, 3, 9, 14, 23, 20, 22, 8, 13, 21, 19, 7, 6, 18, 17, 16, 29, 28, 27, 26, 25, 12, 24, 5, 2, 15, 11, 1, 31]
k: 106, current_cost: 161.0, current_schedule: [30, 10, 4, 3, 9, 14, 23, 20, 22, 8, 13, 21, 19, 7, 6, 18, 17, 16, 29, 28, 27, 26, 25, 12, 24, 5, 2, 15, 11, 1, 31]
k: 107, current_cost: 161.0, current_schedule: [30, 10, 4, 3, 9, 14, 23, 20, 22, 8, 13, 21, 19, 7, 6, 18, 17, 16, 29, 28, 27, 26, 25, 12, 24, 5, 2, 15, 11, 1, 31]
k: 108, current_cost: 161.0, current_schedule: [30, 10, 4, 3, 9, 14, 23, 20, 22, 8, 13, 21, 19, 7, 6, 18, 17, 16, 29, 28, 27, 26, 25, 12, 24, 5, 2, 15, 11, 1, 31]
k: 109, current_cost: 161.0, current_schedule: [30, 10, 4, 3, 9, 14, 23, 20, 22, 8, 13, 21, 19, 7, 6, 18, 17, 16, 29, 28, 27, 26, 25, 12, 24, 5, 2, 15, 11, 1, 31]
k: 110, current_cost: 161.0, current_schedule: [30, 10, 4, 3, 9, 14, 23, 20, 22, 8, 13, 21, 19, 7, 6, 18, 17, 16, 29, 28, 27, 26, 25, 12, 24, 5, 2, 15, 11, 1, 31]
k: 111, current_cost: 161.0, current_schedule: [30, 10, 4, 3, 9, 14, 23, 20, 22, 8, 13, 21, 19, 7, 6, 18, 17, 16, 29, 28, 27, 26, 25, 12, 24, 5, 2, 15, 11, 1, 31]
k: 112, current_cost: 161.0, current_schedule: [30, 10, 4, 3, 9, 14, 23, 20, 22, 8, 13, 21, 19, 7, 6, 18, 17, 16, 29, 28, 27, 26, 25, 12, 24, 5, 2, 15, 11, 1, 31]
k: 113, current_cost: 161.0, current_schedule: [30, 10, 4, 3, 9, 14, 23, 20, 22, 8, 13, 21, 19, 7, 6, 18, 17, 16, 29, 28, 27, 26, 25, 12, 24, 5, 2, 15, 11, 1, 31]
k: 114, current_cost: 161.0, current_schedule: [30, 10, 4, 3, 9, 14, 23, 20, 22, 8, 13, 21, 19, 7, 6, 18, 17, 16, 29, 28, 27, 26, 25, 12, 24, 5, 2, 15, 11, 1, 31]
k: 115, current_cost: 161.0, current_schedule: [30, 10, 4, 3, 9, 14, 23, 20, 22, 8, 13, 21, 19, 7, 6, 18, 17, 16, 29, 28, 27, 26, 25, 12, 24, 5, 2, 15, 11, 1, 31]
k: 116, current_cost: 161.0, current_schedule: [30, 10, 4, 3, 9, 14, 23, 20, 22, 8, 13, 21, 19, 7, 6, 18, 17, 16, 29, 28, 27, 26, 25, 12, 24, 5, 2, 15, 11, 1, 31]
k: 117, current_cost: 161.0, current_schedule: [30, 10, 4, 3, 9, 14, 23, 20, 22, 8, 13, 21, 19, 7, 6, 18, 17, 16, 29, 28, 27, 26, 25, 12, 24, 5, 2, 15, 11, 1, 31]
k: 118, current_cost: 161.0, current_schedule: [30, 10, 4, 3, 9, 14, 23, 20, 22, 8, 13, 21, 19, 7, 6, 18, 17, 16, 29, 28, 27, 26, 25, 12, 24, 5, 2, 15, 11, 1, 31]
k: 119, current_cost: 161.0, current_schedule: [30, 10, 4, 3, 9, 14, 23, 20, 22, 8, 13, 21, 19, 7, 6, 18, 17, 16, 29, 28, 27, 26, 25, 12, 24, 5, 2, 15, 11, 1, 31]
k: 120, current_cost: 161.0, current_schedule: [30, 10, 4, 3, 9, 14, 23, 20, 22, 8, 13, 21, 19, 7, 6, 18, 17, 16, 29, 28, 27, 26, 25, 12, 24, 5, 2, 15, 11, 1, 31]
k: 121, current_cost: 161.0, current_schedule: [30, 10, 4, 3, 9, 14, 23, 20, 22, 8, 13, 21, 19, 7, 6, 18, 17, 16, 29, 28, 27, 26, 25, 12, 24, 5, 2, 15, 11, 1, 31]
k: 122, current_cost: 161.0, current_schedule: [30, 10, 4, 3, 9, 14, 23, 20, 22, 8, 13, 21, 19, 7, 6, 18, 17, 16, 29, 28, 27, 26, 25, 12, 24, 5, 2, 15, 11, 1, 31]
k: 123, current_cost: 161.0, current_schedule: [30, 10, 4, 3, 9, 14, 23, 20, 22, 8, 13, 21, 19, 7, 6, 18, 17, 16, 29, 28, 27, 26, 25, 12, 24, 5, 2, 15, 11, 1, 31]
k: 124, current_cost: 161.0, current_schedule: [30, 10, 4, 3, 9, 14, 23, 20, 22, 8, 13, 21, 19, 7, 6, 18, 17, 16, 29, 28, 27, 26, 25, 12, 24, 5, 2, 15, 11, 1, 31]
k: 125, current_cost: 161.0, current_schedule: [30, 10, 4, 3, 9, 14, 23, 20, 22, 8, 13, 21, 19, 7, 6, 18, 17, 16, 29, 28, 27, 26, 25, 12, 24, 5, 2, 15, 11, 1, 31]
k: 126, current_cost: 161.0, current_schedule: [30, 10, 4, 3, 9, 14, 23, 20, 22, 8, 13, 21, 19, 7, 6, 18, 17, 16, 29, 28, 27, 26, 25, 12, 24, 5, 2, 15, 11, 1, 31]
k: 127, current_cost: 161.0, current_schedule: [30, 10, 4, 3, 9, 14, 23, 20, 22, 8, 13, 21, 19, 7, 6, 18, 17, 16, 29, 28, 27, 26, 25, 12, 24, 5, 2, 15, 11, 1, 31]
k: 128, current_cost: 161.0, current_schedule: [30, 10, 4, 3, 9, 14, 23, 20, 22, 8, 13, 21, 19, 7, 6, 18, 17, 16, 29, 28, 27, 26, 25, 12, 24, 5, 2, 15, 11, 1, 31]
k: 129, current_cost: 161.0, current_schedule: [30, 10, 4, 3, 9, 14, 23, 20, 22, 8, 13, 21, 19, 7, 6, 18, 17, 16, 29, 28, 27, 26, 25, 12, 24, 5, 2, 15, 11, 1, 31]
k: 130, current_cost: 161.0, current_schedule: [30, 10, 4, 3, 9, 14, 23, 20, 22, 8, 13, 21, 19, 7, 6, 18, 17, 16, 29, 28, 27, 26, 25, 12, 24, 5, 2, 15, 11, 1, 31]
k: 131, current_cost: 161.0, current_schedule: [30, 10, 4, 3, 9, 14, 23, 20, 22, 8, 13, 21, 19, 7, 6, 18, 17, 16, 29, 28, 27, 26, 25, 12, 24, 5, 2, 15, 11, 1, 31]
k: 132, current_cost: 161.0, current_schedule: [30, 10, 4, 3, 9, 14, 23, 20, 22, 8, 13, 21, 19, 7, 6, 18, 17, 16, 29, 28, 27, 26, 25, 12, 24, 5, 2, 15, 11, 1, 31]
k: 133, current_cost: 161.0, current_schedule: [30, 10, 4, 3, 9, 14, 23, 20, 22, 8, 13, 21, 19, 7, 6, 18, 17, 16, 29, 28, 27, 26, 25, 12, 24, 5, 2, 15, 11, 1, 31]
k: 134, current_cost: 161.0, current_schedule: [30, 10, 4, 3, 9, 14, 23, 20, 22, 8, 13, 21, 19, 7, 6, 18, 17, 16, 29, 28, 27, 26, 25, 12, 24, 5, 2, 15, 11, 1, 31]
k: 135, current_cost: 161.0, current_schedule: [30, 10, 4, 3, 9, 14, 23, 20, 22, 8, 13, 21, 19, 7, 6, 18, 17, 16, 29, 28, 27, 26, 25, 12, 24, 5, 2, 15, 11, 1, 31]
k: 136, current_cost: 161.0, current_schedule: [30, 10, 4, 3, 9, 14, 23, 20, 22, 8, 13, 21, 19, 7, 6, 18, 17, 16, 29, 28, 27, 26, 25, 12, 24, 5, 2, 15, 11, 1, 31]
k: 137, current_cost: 161.0, current_schedule: [30, 10, 4, 3, 9, 14, 23, 20, 22, 8, 13, 21, 19, 7, 6, 18, 17, 16, 29, 28, 27, 26, 25, 12, 24, 5, 2, 15, 11, 1, 31]
k: 138, current_cost: 161.0, current_schedule: [30, 10, 4, 3, 9, 14, 23, 20, 22, 8, 13, 21, 19, 7, 6, 18, 17, 16, 29, 28, 27, 26, 25, 12, 24, 5, 2, 15, 11, 1, 31]
k: 139, current_cost: 161.0, current_schedule: [30, 10, 4, 3, 9, 14, 23, 20, 22, 8, 13, 21, 19, 7, 6, 18, 17, 16, 29, 28, 27, 26, 25, 12, 24, 5, 2, 15, 11, 1, 31]
k: 140, current_cost: 161.0, current_schedule: [30, 10, 4, 3, 9, 14, 23, 20, 22, 8, 13, 21, 19, 7, 6, 18, 17, 16, 29, 28, 27, 26, 25, 12, 24, 5, 2, 15, 11, 1, 31]
k: 141, current_cost: 161.0, current_schedule: [30, 10, 4, 3, 9, 14, 23, 20, 22, 8, 13, 21, 19, 7, 6, 18, 17, 16, 29, 28, 27, 26, 25, 12, 24, 5, 2, 15, 11, 1, 31]
k: 142, current_cost: 161.0, current_schedule: [30, 10, 4, 3, 9, 14, 23, 20, 22, 8, 13, 21, 19, 7, 6, 18, 17, 16, 29, 28, 27, 26, 25, 12, 24, 5, 2, 15, 11, 1, 31]
k: 143, current_cost: 161.0, current_schedule: [30, 10, 4, 3, 9, 14, 23, 20, 22, 8, 13, 21, 19, 7, 6, 18, 17, 16, 29, 28, 27, 26, 25, 12, 24, 5, 2, 15, 11, 1, 31]
k: 144, current_cost: 161.0, current_schedule: [30, 10, 4, 3, 9, 14, 23, 20, 22, 8, 13, 21, 19, 7, 6, 18, 17, 16, 29, 28, 27, 26, 25, 12, 24, 5, 2, 15, 11, 1, 31]
k: 145, current_cost: 161.0, current_schedule: [30, 10, 4, 3, 9, 14, 23, 20, 22, 8, 13, 21, 19, 7, 6, 18, 17, 16, 29, 28, 27, 26, 25, 12, 24, 5, 2, 15, 11, 1, 31]
k: 146, current_cost: 161.0, current_schedule: [30, 10, 4, 3, 9, 14, 23, 20, 22, 8, 13, 21, 19, 7, 6, 18, 17, 16, 29, 28, 27, 26, 25, 12, 24, 5, 2, 15, 11, 1, 31]
k: 147, current_cost: 161.0, current_schedule: [30, 10, 4, 3, 9, 14, 23, 20, 22, 8, 13, 21, 19, 7, 6, 18, 17, 16, 29, 28, 27, 26, 25, 12, 24, 5, 2, 15, 11, 1, 31]
k: 148, current_cost: 161.0, current_schedule: [30, 10, 4, 3, 9, 14, 23, 20, 22, 8, 13, 21, 19, 7, 6, 18, 17, 16, 29, 28, 27, 26, 25, 12, 24, 5, 2, 15, 11, 1, 31]
k: 149, current_cost: 161.0, current_schedule: [30, 10, 4, 3, 9, 14, 23, 20, 22, 8, 13, 21, 19, 7, 6, 18, 17, 16, 29, 28, 27, 26, 25, 12, 24, 5, 2, 15, 11, 1, 31]
k: 150, current_cost: 161.0, current_schedule: [30, 10, 4, 3, 9, 14, 23, 20, 22, 8, 13, 21, 19, 7, 6, 18, 17, 16, 29, 28, 27, 26, 25, 12, 24, 5, 2, 15, 11, 1, 31]
k: 151, current_cost: 161.0, current_schedule: [30, 10, 4, 3, 9, 14, 23, 20, 22, 8, 13, 21, 19, 7, 6, 18, 17, 16, 29, 28, 27, 26, 25, 12, 24, 5, 2, 15, 11, 1, 31]
k: 152, current_cost: 161.0, current_schedule: [30, 10, 4, 3, 9, 14, 23, 20, 22, 8, 13, 21, 19, 7, 6, 18, 17, 16, 29, 28, 27, 26, 25, 12, 24, 5, 2, 15, 11, 1, 31]
k: 153, current_cost: 161.0, current_schedule: [30, 10, 4, 3, 9, 14, 23, 20, 22, 8, 13, 21, 19, 7, 6, 18, 17, 16, 29, 28, 27, 26, 25, 12, 24, 5, 2, 15, 11, 1, 31]
k: 154, current_cost: 161.0, current_schedule: [30, 10, 4, 3, 9, 14, 23, 20, 22, 8, 13, 21, 19, 7, 6, 18, 17, 16, 29, 28, 27, 26, 25, 12, 24, 5, 2, 15, 11, 1, 31]
k: 155, current_cost: 161.0, current_schedule: [30, 10, 4, 3, 9, 14, 23, 20, 22, 8, 13, 21, 19, 7, 6, 18, 17, 16, 29, 28, 27, 26, 25, 12, 24, 5, 2, 15, 11, 1, 31]
k: 156, current_cost: 161.0, current_schedule: [30, 10, 4, 3, 9, 14, 23, 20, 22, 8, 13, 21, 19, 7, 6, 18, 17, 16, 29, 28, 27, 26, 25, 12, 24, 5, 2, 15, 11, 1, 31]
k: 157, current_cost: 161.0, current_schedule: [30, 10, 4, 3, 9, 14, 23, 20, 22, 8, 13, 21, 19, 7, 6, 18, 17, 16, 29, 28, 27, 26, 25, 12, 24, 5, 2, 15, 11, 1, 31]
k: 158, current_cost: 161.0, current_schedule: [30, 10, 4, 3, 9, 14, 23, 20, 22, 8, 13, 21, 19, 7, 6, 18, 17, 16, 29, 28, 27, 26, 25, 12, 24, 5, 2, 15, 11, 1, 31]
k: 159, current_cost: 161.0, current_schedule: [30, 10, 4, 3, 9, 14, 23, 20, 22, 8, 13, 21, 19, 7, 6, 18, 17, 16, 29, 28, 27, 26, 25, 12, 24, 5, 2, 15, 11, 1, 31]
k: 160, current_cost: 161.0, current_schedule: [30, 10, 4, 3, 9, 14, 23, 20, 22, 8, 13, 21, 19, 7, 6, 18, 17, 16, 29, 28, 27, 26, 25, 12, 24, 5, 2, 15, 11, 1, 31]
k: 161, current_cost: 161.0, current_schedule: [30, 10, 4, 3, 9, 14, 23, 20, 22, 8, 13, 21, 19, 7, 6, 18, 17, 16, 29, 28, 27, 26, 25, 12, 24, 5, 2, 15, 11, 1, 31]
k: 162, current_cost: 161.0, current_schedule: [30, 10, 4, 3, 9, 14, 23, 20, 22, 8, 13, 21, 19, 7, 6, 18, 17, 16, 29, 28, 27, 26, 25, 12, 24, 5, 2, 15, 11, 1, 31]
k: 163, current_cost: 161.0, current_schedule: [30, 10, 4, 3, 9, 14, 23, 20, 22, 8, 13, 21, 19, 7, 6, 18, 17, 16, 29, 28, 27, 26, 25, 12, 24, 5, 2, 15, 11, 1, 31]
k: 164, current_cost: 161.0, current_schedule: [30, 10, 4, 3, 9, 14, 23, 20, 22, 8, 13, 21, 19, 7, 6, 18, 17, 16, 29, 28, 27, 26, 25, 12, 24, 5, 2, 15, 11, 1, 31]
k: 165, current_cost: 161.0, current_schedule: [30, 10, 4, 3, 9, 14, 23, 20, 22, 8, 13, 21, 19, 7, 6, 18, 17, 16, 29, 28, 27, 26, 25, 12, 24, 5, 2, 15, 11, 1, 31]
k: 166, current_cost: 161.0, current_schedule: [30, 10, 4, 3, 9, 14, 23, 20, 22, 8, 13, 21, 19, 7, 6, 18, 17, 16, 29, 28, 27, 26, 25, 12, 24, 5, 2, 15, 11, 1, 31]
k: 167, current_cost: 161.0, current_schedule: [30, 10, 4, 3, 9, 14, 23, 20, 22, 8, 13, 21, 19, 7, 6, 18, 17, 16, 29, 28, 27, 26, 25, 12, 24, 5, 2, 15, 11, 1, 31]
k: 168, current_cost: 161.0, current_schedule: [30, 10, 4, 3, 9, 14, 23, 20, 22, 8, 13, 21, 19, 7, 6, 18, 17, 16, 29, 28, 27, 26, 25, 12, 24, 5, 2, 15, 11, 1, 31]
k: 169, current_cost: 161.0, current_schedule: [30, 10, 4, 3, 9, 14, 23, 20, 22, 8, 13, 21, 19, 7, 6, 18, 17, 16, 29, 28, 27, 26, 25, 12, 24, 5, 2, 15, 11, 1, 31]
k: 170, current_cost: 161.0, current_schedule: [30, 10, 4, 3, 9, 14, 23, 20, 22, 8, 13, 21, 19, 7, 6, 18, 17, 16, 29, 28, 27, 26, 25, 12, 24, 5, 2, 15, 11, 1, 31]
k: 171, current_cost: 161.0, current_schedule: [30, 10, 4, 3, 9, 14, 23, 20, 22, 8, 13, 21, 19, 7, 6, 18, 17, 16, 29, 28, 27, 26, 25, 12, 24, 5, 2, 15, 11, 1, 31]
k: 172, current_cost: 161.0, current_schedule: [30, 10, 4, 3, 9, 14, 23, 20, 22, 8, 13, 21, 19, 7, 6, 18, 17, 16, 29, 28, 27, 26, 25, 12, 24, 5, 2, 15, 11, 1, 31]
k: 173, current_cost: 161.0, current_schedule: [30, 10, 4, 3, 9, 14, 23, 20, 22, 8, 13, 21, 19, 7, 6, 18, 17, 16, 29, 28, 27, 26, 25, 12, 24, 5, 2, 15, 11, 1, 31]
k: 174, current_cost: 161.0, current_schedule: [30, 10, 4, 3, 9, 14, 23, 20, 22, 8, 13, 21, 19, 7, 6, 18, 17, 16, 29, 28, 27, 26, 25, 12, 24, 5, 2, 15, 11, 1, 31]
k: 175, current_cost: 161.0, current_schedule: [30, 10, 4, 3, 9, 14, 23, 20, 22, 8, 13, 21, 19, 7, 6, 18, 17, 16, 29, 28, 27, 26, 25, 12, 24, 5, 2, 15, 11, 1, 31]
k: 176, current_cost: 161.0, current_schedule: [30, 10, 4, 3, 9, 14, 23, 20, 22, 8, 13, 21, 19, 7, 6, 18, 17, 16, 29, 28, 27, 26, 25, 12, 24, 5, 2, 15, 11, 1, 31]
k: 177, current_cost: 161.0, current_schedule: [30, 10, 4, 3, 9, 14, 23, 20, 22, 8, 13, 21, 19, 7, 6, 18, 17, 16, 29, 28, 27, 26, 25, 12, 24, 5, 2, 15, 11, 1, 31]
k: 178, current_cost: 161.0, current_schedule: [30, 10, 4, 3, 9, 14, 23, 20, 22, 8, 13, 21, 19, 7, 6, 18, 17, 16, 29, 28, 27, 26, 25, 12, 24, 5, 2, 15, 11, 1, 31]
k: 179, current_cost: 161.0, current_schedule: [30, 10, 4, 3, 9, 14, 23, 20, 22, 8, 13, 21, 19, 7, 6, 18, 17, 16, 29, 28, 27, 26, 25, 12, 24, 5, 2, 15, 11, 1, 31]
k: 180, current_cost: 161.0, current_schedule: [30, 10, 4, 3, 9, 14, 23, 20, 22, 8, 13, 21, 19, 7, 6, 18, 17, 16, 29, 28, 27, 26, 25, 12, 24, 5, 2, 15, 11, 1, 31]
k: 181, current_cost: 161.0, current_schedule: [30, 10, 4, 3, 9, 14, 23, 20, 22, 8, 13, 21, 19, 7, 6, 18, 17, 16, 29, 28, 27, 26, 25, 12, 24, 5, 2, 15, 11, 1, 31]
k: 182, current_cost: 161.0, current_schedule: [30, 10, 4, 3, 9, 14, 23, 20, 22, 8, 13, 21, 19, 7, 6, 18, 17, 16, 29, 28, 27, 26, 25, 12, 24, 5, 2, 15, 11, 1, 31]
k: 183, current_cost: 161.0, current_schedule: [30, 10, 4, 3, 9, 14, 23, 20, 22, 8, 13, 21, 19, 7, 6, 18, 17, 16, 29, 28, 27, 26, 25, 12, 24, 5, 2, 15, 11, 1, 31]
k: 184, current_cost: 161.0, current_schedule: [30, 10, 4, 3, 9, 14, 23, 20, 22, 8, 13, 21, 19, 7, 6, 18, 17, 16, 29, 28, 27, 26, 25, 12, 24, 5, 2, 15, 11, 1, 31]
k: 185, current_cost: 161.0, current_schedule: [30, 10, 4, 3, 9, 14, 23, 20, 22, 8, 13, 21, 19, 7, 6, 18, 17, 16, 29, 28, 27, 26, 25, 12, 24, 5, 2, 15, 11, 1, 31]
k: 186, current_cost: 161.0, current_schedule: [30, 10, 4, 3, 9, 14, 23, 20, 22, 8, 13, 21, 19, 7, 6, 18, 17, 16, 29, 28, 27, 26, 25, 12, 24, 5, 2, 15, 11, 1, 31]
k: 187, current_cost: 161.0, current_schedule: [30, 10, 4, 3, 9, 14, 23, 20, 22, 8, 13, 21, 19, 7, 6, 18, 17, 16, 29, 28, 27, 26, 25, 12, 24, 5, 2, 15, 11, 1, 31]
k: 188, current_cost: 161.0, current_schedule: [30, 10, 4, 3, 9, 14, 23, 20, 22, 8, 13, 21, 19, 7, 6, 18, 17, 16, 29, 28, 27, 26, 25, 12, 24, 5, 2, 15, 11, 1, 31]
k: 189, current_cost: 161.0, current_schedule: [30, 10, 4, 3, 9, 14, 23, 20, 22, 8, 13, 21, 19, 7, 6, 18, 17, 16, 29, 28, 27, 26, 25, 12, 24, 5, 2, 15, 11, 1, 31]
k: 190, current_cost: 161.0, current_schedule: [30, 10, 4, 3, 9, 14, 23, 20, 22, 8, 13, 21, 19, 7, 6, 18, 17, 16, 29, 28, 27, 26, 25, 12, 24, 5, 2, 15, 11, 1, 31]
k: 191, current_cost: 161.0, current_schedule: [30, 10, 4, 3, 9, 14, 23, 20, 22, 8, 13, 21, 19, 7, 6, 18, 17, 16, 29, 28, 27, 26, 25, 12, 24, 5, 2, 15, 11, 1, 31]
k: 192, current_cost: 161.0, current_schedule: [30, 10, 4, 3, 9, 14, 23, 20, 22, 8, 13, 21, 19, 7, 6, 18, 17, 16, 29, 28, 27, 26, 25, 12, 24, 5, 2, 15, 11, 1, 31]
k: 193, current_cost: 161.0, current_schedule: [30, 10, 4, 3, 9, 14, 23, 20, 22, 8, 13, 21, 19, 7, 6, 18, 17, 16, 29, 28, 27, 26, 25, 12, 24, 5, 2, 15, 11, 1, 31]
k: 194, current_cost: 161.0, current_schedule: [30, 10, 4, 3, 9, 14, 23, 20, 22, 8, 13, 21, 19, 7, 6, 18, 17, 16, 29, 28, 27, 26, 25, 12, 24, 5, 2, 15, 11, 1, 31]
k: 195, current_cost: 161.0, current_schedule: [30, 10, 4, 3, 9, 14, 23, 20, 22, 8, 13, 21, 19, 7, 6, 18, 17, 16, 29, 28, 27, 26, 25, 12, 24, 5, 2, 15, 11, 1, 31]
k: 196, current_cost: 161.0, current_schedule: [30, 10, 4, 3, 9, 14, 23, 20, 22, 8, 13, 21, 19, 7, 6, 18, 17, 16, 29, 28, 27, 26, 25, 12, 24, 5, 2, 15, 11, 1, 31]
k: 197, current_cost: 161.0, current_schedule: [30, 10, 4, 3, 9, 14, 23, 20, 22, 8, 13, 21, 19, 7, 6, 18, 17, 16, 29, 28, 27, 26, 25, 12, 24, 5, 2, 15, 11, 1, 31]
k: 198, current_cost: 161.0, current_schedule: [30, 10, 4, 3, 9, 14, 23, 20, 22, 8, 13, 21, 19, 7, 6, 18, 17, 16, 29, 28, 27, 26, 25, 12, 24, 5, 2, 15, 11, 1, 31]
k: 199, current_cost: 161.0, current_schedule: [30, 10, 4, 3, 9, 14, 23, 20, 22, 8, 13, 21, 19, 7, 6, 18, 17, 16, 29, 28, 27, 26, 25, 12, 24, 5, 2, 15, 11, 1, 31]
k: 200, current_cost: 161.0, current_schedule: [30, 10, 4, 3, 9, 14, 23, 20, 22, 8, 13, 21, 19, 7, 6, 18, 17, 16, 29, 28, 27, 26, 25, 12, 24, 5, 2, 15, 11, 1, 31]
k: 201, current_cost: 161.0, current_schedule: [30, 10, 4, 3, 9, 14, 23, 20, 22, 8, 13, 21, 19, 7, 6, 18, 17, 16, 29, 28, 27, 26, 25, 12, 24, 5, 2, 15, 11, 1, 31]
k: 202, current_cost: 161.0, current_schedule: [30, 10, 4, 3, 9, 14, 23, 20, 22, 8, 13, 21, 19, 7, 6, 18, 17, 16, 29, 28, 27, 26, 25, 12, 24, 5, 2, 15, 11, 1, 31]
k: 203, current_cost: 161.0, current_schedule: [30, 10, 4, 3, 9, 14, 23, 20, 22, 8, 13, 21, 19, 7, 6, 18, 17, 16, 29, 28, 27, 26, 25, 12, 24, 5, 2, 15, 11, 1, 31]
k: 204, current_cost: 161.0, current_schedule: [30, 10, 4, 3, 9, 14, 23, 20, 22, 8, 13, 21, 19, 7, 6, 18, 17, 16, 29, 28, 27, 26, 25, 12, 24, 5, 2, 15, 11, 1, 31]
k: 205, current_cost: 161.0, current_schedule: [30, 10, 4, 3, 9, 14, 23, 20, 22, 8, 13, 21, 19, 7, 6, 18, 17, 16, 29, 28, 27, 26, 25, 12, 24, 5, 2, 15, 11, 1, 31]
k: 206, current_cost: 161.0, current_schedule: [30, 10, 4, 3, 9, 14, 23, 20, 22, 8, 13, 21, 19, 7, 6, 18, 17, 16, 29, 28, 27, 26, 25, 12, 24, 5, 2, 15, 11, 1, 31]
k: 207, current_cost: 161.0, current_schedule: [30, 10, 4, 3, 9, 14, 23, 20, 22, 8, 13, 21, 19, 7, 6, 18, 17, 16, 29, 28, 27, 26, 25, 12, 24, 5, 2, 15, 11, 1, 31]
k: 208, current_cost: 161.0, current_schedule: [30, 10, 4, 3, 9, 14, 23, 20, 22, 8, 13, 21, 19, 7, 6, 18, 17, 16, 29, 28, 27, 26, 25, 12, 24, 5, 2, 15, 11, 1, 31]
k: 209, current_cost: 161.0, current_schedule: [30, 10, 4, 3, 9, 14, 23, 20, 22, 8, 13, 21, 19, 7, 6, 18, 17, 16, 29, 28, 27, 26, 25, 12, 24, 5, 2, 15, 11, 1, 31]
k: 210, current_cost: 161.0, current_schedule: [30, 10, 4, 3, 9, 14, 23, 20, 22, 8, 13, 21, 19, 7, 6, 18, 17, 16, 29, 28, 27, 26, 25, 12, 24, 5, 2, 15, 11, 1, 31]
k: 211, current_cost: 161.0, current_schedule: [30, 10, 4, 3, 9, 14, 23, 20, 22, 8, 13, 21, 19, 7, 6, 18, 17, 16, 29, 28, 27, 26, 25, 12, 24, 5, 2, 15, 11, 1, 31]
k: 212, current_cost: 161.0, current_schedule: [30, 10, 4, 3, 9, 14, 23, 20, 22, 8, 13, 21, 19, 7, 6, 18, 17, 16, 29, 28, 27, 26, 25, 12, 24, 5, 2, 15, 11, 1, 31]
k: 213, current_cost: 158.0, current_schedule: [30, 14, 4, 3, 10, 9, 8, 23, 20, 22, 7, 21, 19, 18, 6, 17, 16, 13, 29, 28, 27, 26, 25, 12, 24, 5, 2, 15, 11, 1, 31]
k: 214, current_cost: 158.0, current_schedule: [30, 14, 4, 3, 10, 9, 8, 23, 20, 22, 7, 21, 19, 18, 6, 17, 16, 13, 29, 28, 27, 26, 25, 12, 24, 5, 2, 15, 11, 1, 31]
k: 215, current_cost: 158.0, current_schedule: [30, 14, 4, 3, 10, 9, 8, 23, 20, 22, 7, 21, 19, 18, 6, 17, 16, 13, 29, 28, 27, 26, 25, 12, 24, 5, 2, 15, 11, 1, 31]
k: 216, current_cost: 158.0, current_schedule: [30, 14, 4, 3, 10, 9, 8, 23, 20, 22, 7, 21, 19, 18, 6, 17, 16, 13, 29, 28, 27, 26, 25, 12, 24, 5, 2, 15, 11, 1, 31]
k: 217, current_cost: 158.0, current_schedule: [30, 14, 4, 3, 10, 9, 8, 23, 20, 22, 7, 21, 19, 18, 6, 17, 16, 13, 29, 28, 27, 26, 25, 12, 24, 5, 2, 15, 11, 1, 31]
k: 218, current_cost: 158.0, current_schedule: [30, 14, 4, 3, 10, 9, 8, 23, 20, 22, 7, 21, 19, 18, 6, 17, 16, 13, 29, 28, 27, 26, 25, 12, 24, 5, 2, 15, 11, 1, 31]
k: 219, current_cost: 158.0, current_schedule: [30, 14, 4, 3, 10, 9, 8, 23, 20, 22, 7, 21, 19, 18, 6, 17, 16, 13, 29, 28, 27, 26, 25, 12, 24, 5, 2, 15, 11, 1, 31]
k: 220, current_cost: 158.0, current_schedule: [30, 14, 4, 3, 10, 9, 8, 23, 20, 22, 7, 21, 19, 18, 6, 17, 16, 13, 29, 28, 27, 26, 25, 12, 24, 5, 2, 15, 11, 1, 31]
k: 221, current_cost: 158.0, current_schedule: [30, 14, 4, 3, 10, 9, 8, 23, 20, 22, 7, 21, 19, 18, 6, 17, 16, 13, 29, 28, 27, 26, 25, 12, 24, 5, 2, 15, 11, 1, 31]
k: 222, current_cost: 158.0, current_schedule: [30, 14, 4, 3, 10, 9, 8, 23, 20, 22, 7, 21, 19, 18, 6, 17, 16, 13, 29, 28, 27, 26, 25, 12, 24, 5, 2, 15, 11, 1, 31]
k: 223, current_cost: 158.0, current_schedule: [30, 14, 4, 3, 10, 9, 8, 23, 20, 22, 7, 21, 19, 18, 6, 17, 16, 13, 29, 28, 27, 26, 25, 12, 24, 5, 2, 15, 11, 1, 31]
k: 224, current_cost: 158.0, current_schedule: [30, 14, 4, 3, 10, 9, 8, 23, 20, 22, 7, 21, 19, 18, 6, 17, 16, 13, 29, 28, 27, 26, 25, 12, 24, 5, 2, 15, 11, 1, 31]
k: 225, current_cost: 158.0, current_schedule: [30, 14, 4, 3, 10, 9, 8, 23, 20, 22, 7, 21, 19, 18, 6, 17, 16, 13, 29, 28, 27, 26, 25, 12, 24, 5, 2, 15, 11, 1, 31]
k: 226, current_cost: 158.0, current_schedule: [30, 14, 4, 3, 10, 9, 8, 23, 20, 22, 7, 21, 19, 18, 6, 17, 16, 13, 29, 28, 27, 26, 25, 12, 24, 5, 2, 15, 11, 1, 31]
k: 227, current_cost: 158.0, current_schedule: [30, 14, 4, 3, 10, 9, 8, 23, 20, 22, 7, 21, 19, 18, 6, 17, 16, 13, 29, 28, 27, 26, 25, 12, 24, 5, 2, 15, 11, 1, 31]
k: 228, current_cost: 158.0, current_schedule: [30, 14, 4, 3, 10, 9, 8, 23, 20, 22, 7, 21, 19, 18, 6, 17, 16, 13, 29, 28, 27, 26, 25, 12, 24, 5, 2, 15, 11, 1, 31]
k: 229, current_cost: 158.0, current_schedule: [30, 14, 4, 3, 10, 9, 8, 23, 20, 22, 7, 21, 19, 18, 6, 17, 16, 13, 29, 28, 27, 26, 25, 12, 24, 5, 2, 15, 11, 1, 31]
k: 230, current_cost: 158.0, current_schedule: [30, 14, 4, 3, 10, 9, 8, 23, 20, 22, 7, 21, 19, 18, 6, 17, 16, 13, 29, 28, 27, 26, 25, 12, 24, 5, 2, 15, 11, 1, 31]
k: 231, current_cost: 158.0, current_schedule: [30, 14, 4, 3, 10, 9, 8, 23, 20, 22, 7, 21, 19, 18, 6, 17, 16, 13, 29, 28, 27, 26, 25, 12, 24, 5, 2, 15, 11, 1, 31]
k: 232, current_cost: 158.0, current_schedule: [30, 14, 4, 3, 10, 9, 8, 23, 20, 22, 7, 21, 19, 18, 6, 17, 16, 13, 29, 28, 27, 26, 25, 12, 24, 5, 2, 15, 11, 1, 31]
k: 233, current_cost: 158.0, current_schedule: [30, 14, 4, 3, 10, 9, 8, 23, 20, 22, 7, 21, 19, 18, 6, 17, 16, 13, 29, 28, 27, 26, 25, 12, 24, 5, 2, 15, 11, 1, 31]
k: 234, current_cost: 158.0, current_schedule: [30, 14, 4, 3, 10, 9, 8, 23, 20, 22, 7, 21, 19, 18, 6, 17, 16, 13, 29, 28, 27, 26, 25, 12, 24, 5, 2, 15, 11, 1, 31]
k: 235, current_cost: 158.0, current_schedule: [30, 14, 4, 3, 10, 9, 8, 23, 20, 22, 7, 21, 19, 18, 6, 17, 16, 13, 29, 28, 27, 26, 25, 12, 24, 5, 2, 15, 11, 1, 31]
k: 236, current_cost: 158.0, current_schedule: [30, 14, 4, 3, 10, 9, 8, 23, 20, 22, 7, 21, 19, 18, 6, 17, 16, 13, 29, 28, 27, 26, 25, 12, 24, 5, 2, 15, 11, 1, 31]
k: 237, current_cost: 158.0, current_schedule: [30, 14, 4, 3, 10, 9, 8, 23, 20, 22, 7, 21, 19, 18, 6, 17, 16, 13, 29, 28, 27, 26, 25, 12, 24, 5, 2, 15, 11, 1, 31]
k: 238, current_cost: 158.0, current_schedule: [30, 14, 4, 3, 10, 9, 8, 23, 20, 22, 7, 21, 19, 18, 6, 17, 16, 13, 29, 28, 27, 26, 25, 12, 24, 5, 2, 15, 11, 1, 31]
k: 239, current_cost: 158.0, current_schedule: [30, 14, 4, 3, 10, 9, 8, 23, 20, 22, 7, 21, 19, 18, 6, 17, 16, 13, 29, 28, 27, 26, 25, 12, 24, 5, 2, 15, 11, 1, 31]
k: 240, current_cost: 158.0, current_schedule: [30, 14, 4, 3, 10, 9, 8, 23, 20, 22, 7, 21, 19, 18, 6, 17, 16, 13, 29, 28, 27, 26, 25, 12, 24, 5, 2, 15, 11, 1, 31]
k: 241, current_cost: 158.0, current_schedule: [30, 14, 4, 3, 10, 9, 8, 23, 20, 22, 7, 21, 19, 18, 6, 17, 16, 13, 29, 28, 27, 26, 25, 12, 24, 5, 2, 15, 11, 1, 31]
k: 242, current_cost: 158.0, current_schedule: [30, 14, 4, 3, 10, 9, 8, 23, 20, 22, 7, 21, 19, 18, 6, 17, 16, 13, 29, 28, 27, 26, 25, 12, 24, 5, 2, 15, 11, 1, 31]
k: 243, current_cost: 158.0, current_schedule: [30, 14, 4, 3, 10, 9, 8, 23, 20, 22, 7, 21, 19, 18, 6, 17, 16, 13, 29, 28, 27, 26, 25, 12, 24, 5, 2, 15, 11, 1, 31]
k: 244, current_cost: 158.0, current_schedule: [30, 14, 4, 3, 10, 9, 8, 23, 20, 22, 7, 21, 19, 18, 6, 17, 16, 13, 29, 28, 27, 26, 25, 12, 24, 5, 2, 15, 11, 1, 31]
k: 245, current_cost: 158.0, current_schedule: [30, 14, 4, 3, 10, 9, 8, 23, 20, 22, 7, 21, 19, 18, 6, 17, 16, 13, 29, 28, 27, 26, 25, 12, 24, 5, 2, 15, 11, 1, 31]
k: 246, current_cost: 158.0, current_schedule: [30, 14, 4, 3, 10, 9, 8, 23, 20, 22, 7, 21, 19, 18, 6, 17, 16, 13, 29, 28, 27, 26, 25, 12, 24, 5, 2, 15, 11, 1, 31]
k: 247, current_cost: 158.0, current_schedule: [30, 14, 4, 3, 10, 9, 8, 23, 20, 22, 7, 21, 19, 18, 6, 17, 16, 13, 29, 28, 27, 26, 25, 12, 24, 5, 2, 15, 11, 1, 31]
k: 248, current_cost: 158.0, current_schedule: [30, 14, 4, 3, 10, 9, 8, 23, 20, 22, 7, 21, 19, 18, 6, 17, 16, 13, 29, 28, 27, 26, 25, 12, 24, 5, 2, 15, 11, 1, 31]
k: 249, current_cost: 158.0, current_schedule: [30, 14, 4, 3, 10, 9, 8, 23, 20, 22, 7, 21, 19, 18, 6, 17, 16, 13, 29, 28, 27, 26, 25, 12, 24, 5, 2, 15, 11, 1, 31]
k: 250, current_cost: 158.0, current_schedule: [30, 14, 4, 3, 10, 9, 8, 23, 20, 22, 7, 21, 19, 18, 6, 17, 16, 13, 29, 28, 27, 26, 25, 12, 24, 5, 2, 15, 11, 1, 31]
k: 251, current_cost: 158.0, current_schedule: [30, 14, 4, 3, 10, 9, 8, 23, 20, 22, 7, 21, 19, 18, 6, 17, 16, 13, 29, 28, 27, 26, 25, 12, 24, 5, 2, 15, 11, 1, 31]
k: 252, current_cost: 158.0, current_schedule: [30, 14, 4, 3, 10, 9, 8, 23, 20, 22, 7, 21, 19, 18, 6, 17, 16, 13, 29, 28, 27, 26, 25, 12, 24, 5, 2, 15, 11, 1, 31]
k: 253, current_cost: 158.0, current_schedule: [30, 14, 4, 3, 10, 9, 8, 23, 20, 22, 7, 21, 19, 18, 6, 17, 16, 13, 29, 28, 27, 26, 25, 12, 24, 5, 2, 15, 11, 1, 31]
k: 254, current_cost: 158.0, current_schedule: [30, 14, 4, 3, 10, 9, 8, 23, 20, 22, 7, 21, 19, 18, 6, 17, 16, 13, 29, 28, 27, 26, 25, 12, 24, 5, 2, 15, 11, 1, 31]
k: 255, current_cost: 158.0, current_schedule: [30, 14, 4, 3, 10, 9, 8, 23, 20, 22, 7, 21, 19, 18, 6, 17, 16, 13, 29, 28, 27, 26, 25, 12, 24, 5, 2, 15, 11, 1, 31]
k: 256, current_cost: 158.0, current_schedule: [30, 14, 4, 3, 10, 9, 8, 23, 20, 22, 7, 21, 19, 18, 6, 17, 16, 13, 29, 28, 27, 26, 25, 12, 24, 5, 2, 15, 11, 1, 31]
k: 257, current_cost: 158.0, current_schedule: [30, 14, 4, 3, 10, 9, 8, 23, 20, 22, 7, 21, 19, 18, 6, 17, 16, 13, 29, 28, 27, 26, 25, 12, 24, 5, 2, 15, 11, 1, 31]
k: 258, current_cost: 158.0, current_schedule: [30, 14, 4, 3, 10, 9, 8, 23, 20, 22, 7, 21, 19, 18, 6, 17, 16, 13, 29, 28, 27, 26, 25, 12, 24, 5, 2, 15, 11, 1, 31]
k: 259, current_cost: 158.0, current_schedule: [30, 14, 4, 3, 10, 9, 8, 23, 20, 22, 7, 21, 19, 18, 6, 17, 16, 13, 29, 28, 27, 26, 25, 12, 24, 5, 2, 15, 11, 1, 31]
k: 260, current_cost: 158.0, current_schedule: [30, 14, 4, 3, 10, 9, 8, 23, 20, 22, 7, 21, 19, 18, 6, 17, 16, 13, 29, 28, 27, 26, 25, 12, 24, 5, 2, 15, 11, 1, 31]
k: 261, current_cost: 158.0, current_schedule: [30, 14, 4, 3, 10, 9, 8, 23, 20, 22, 7, 21, 19, 18, 6, 17, 16, 13, 29, 28, 27, 26, 25, 12, 24, 5, 2, 15, 11, 1, 31]
k: 262, current_cost: 158.0, current_schedule: [30, 14, 4, 3, 10, 9, 8, 23, 20, 22, 7, 21, 19, 18, 6, 17, 16, 13, 29, 28, 27, 26, 25, 12, 24, 5, 2, 15, 11, 1, 31]
k: 263, current_cost: 158.0, current_schedule: [30, 14, 4, 3, 10, 9, 8, 23, 20, 22, 7, 21, 19, 18, 6, 17, 16, 13, 29, 28, 27, 26, 25, 12, 24, 5, 2, 15, 11, 1, 31]
k: 264, current_cost: 158.0, current_schedule: [30, 14, 4, 3, 10, 9, 8, 23, 20, 22, 7, 21, 19, 18, 6, 17, 16, 13, 29, 28, 27, 26, 25, 12, 24, 5, 2, 15, 11, 1, 31]
k: 265, current_cost: 158.0, current_schedule: [30, 14, 4, 3, 10, 9, 8, 23, 20, 22, 7, 21, 19, 18, 6, 17, 16, 13, 29, 28, 27, 26, 25, 12, 24, 5, 2, 15, 11, 1, 31]
k: 266, current_cost: 158.0, current_schedule: [30, 14, 4, 3, 10, 9, 8, 23, 20, 22, 7, 21, 19, 18, 6, 17, 16, 13, 29, 28, 27, 26, 25, 12, 24, 5, 2, 15, 11, 1, 31]
k: 267, current_cost: 158.0, current_schedule: [30, 14, 4, 3, 10, 9, 8, 23, 20, 22, 7, 21, 19, 18, 6, 17, 16, 13, 29, 28, 27, 26, 25, 12, 24, 5, 2, 15, 11, 1, 31]
k: 268, current_cost: 158.0, current_schedule: [30, 14, 4, 3, 10, 9, 8, 23, 20, 22, 7, 21, 19, 18, 6, 17, 16, 13, 29, 28, 27, 26, 25, 12, 24, 5, 2, 15, 11, 1, 31]
k: 269, current_cost: 158.0, current_schedule: [30, 14, 4, 3, 10, 9, 8, 23, 20, 22, 7, 21, 19, 18, 6, 17, 16, 13, 29, 28, 27, 26, 25, 12, 24, 5, 2, 15, 11, 1, 31]
k: 270, current_cost: 158.0, current_schedule: [30, 14, 4, 3, 10, 9, 8, 23, 20, 22, 7, 21, 19, 18, 6, 17, 16, 13, 29, 28, 27, 26, 25, 12, 24, 5, 2, 15, 11, 1, 31]
k: 271, current_cost: 158.0, current_schedule: [30, 14, 4, 3, 10, 9, 8, 23, 20, 22, 7, 21, 19, 18, 6, 17, 16, 13, 29, 28, 27, 26, 25, 12, 24, 5, 2, 15, 11, 1, 31]
k: 272, current_cost: 158.0, current_schedule: [30, 14, 4, 3, 10, 9, 8, 23, 20, 22, 7, 21, 19, 18, 6, 17, 16, 13, 29, 28, 27, 26, 25, 12, 24, 5, 2, 15, 11, 1, 31]
k: 273, current_cost: 158.0, current_schedule: [30, 14, 4, 3, 10, 9, 8, 23, 20, 22, 7, 21, 19, 18, 6, 17, 16, 13, 29, 28, 27, 26, 25, 12, 24, 5, 2, 15, 11, 1, 31]
k: 274, current_cost: 158.0, current_schedule: [30, 14, 4, 3, 10, 9, 8, 23, 20, 22, 7, 21, 19, 18, 6, 17, 16, 13, 29, 28, 27, 26, 25, 12, 24, 5, 2, 15, 11, 1, 31]
k: 275, current_cost: 158.0, current_schedule: [30, 14, 4, 3, 10, 9, 8, 23, 20, 22, 7, 21, 19, 18, 6, 17, 16, 13, 29, 28, 27, 26, 25, 12, 24, 5, 2, 15, 11, 1, 31]
k: 276, current_cost: 158.0, current_schedule: [30, 14, 4, 3, 10, 9, 8, 23, 20, 22, 7, 21, 19, 18, 6, 17, 16, 13, 29, 28, 27, 26, 25, 12, 24, 5, 2, 15, 11, 1, 31]
k: 277, current_cost: 158.0, current_schedule: [30, 14, 4, 3, 10, 9, 8, 23, 20, 22, 7, 21, 19, 18, 6, 17, 16, 13, 29, 28, 27, 26, 25, 12, 24, 5, 2, 15, 11, 1, 31]
k: 278, current_cost: 158.0, current_schedule: [30, 14, 4, 3, 10, 9, 8, 23, 20, 22, 7, 21, 19, 18, 6, 17, 16, 13, 29, 28, 27, 26, 25, 12, 24, 5, 2, 15, 11, 1, 31]
k: 279, current_cost: 158.0, current_schedule: [30, 14, 4, 3, 10, 9, 8, 23, 20, 22, 7, 21, 19, 18, 6, 17, 16, 13, 29, 28, 27, 26, 25, 12, 24, 5, 2, 15, 11, 1, 31]
k: 280, current_cost: 158.0, current_schedule: [30, 14, 4, 3, 10, 9, 8, 23, 20, 22, 7, 21, 19, 18, 6, 17, 16, 13, 29, 28, 27, 26, 25, 12, 24, 5, 2, 15, 11, 1, 31]
k: 281, current_cost: 158.0, current_schedule: [30, 14, 4, 3, 10, 9, 8, 23, 20, 22, 7, 21, 19, 18, 6, 17, 16, 13, 29, 28, 27, 26, 25, 12, 24, 5, 2, 15, 11, 1, 31]
k: 282, current_cost: 158.0, current_schedule: [30, 14, 4, 3, 10, 9, 8, 23, 20, 22, 7, 21, 19, 18, 6, 17, 16, 13, 29, 28, 27, 26, 25, 12, 24, 5, 2, 15, 11, 1, 31]
k: 283, current_cost: 158.0, current_schedule: [30, 14, 4, 3, 10, 9, 8, 23, 20, 22, 7, 21, 19, 18, 6, 17, 16, 13, 29, 28, 27, 26, 25, 12, 24, 5, 2, 15, 11, 1, 31]
k: 284, current_cost: 158.0, current_schedule: [30, 14, 4, 3, 10, 9, 8, 23, 20, 22, 7, 21, 19, 18, 6, 17, 16, 13, 29, 28, 27, 26, 25, 12, 24, 5, 2, 15, 11, 1, 31]
k: 285, current_cost: 158.0, current_schedule: [30, 14, 4, 3, 10, 9, 8, 23, 20, 22, 7, 21, 19, 18, 6, 17, 16, 13, 29, 28, 27, 26, 25, 12, 24, 5, 2, 15, 11, 1, 31]
k: 286, current_cost: 158.0, current_schedule: [30, 14, 4, 3, 10, 9, 8, 23, 20, 22, 7, 21, 19, 18, 6, 17, 16, 13, 29, 28, 27, 26, 25, 12, 24, 5, 2, 15, 11, 1, 31]
k: 287, current_cost: 158.0, current_schedule: [30, 14, 4, 3, 10, 9, 8, 23, 20, 22, 7, 21, 19, 18, 6, 17, 16, 13, 29, 28, 27, 26, 25, 12, 24, 5, 2, 15, 11, 1, 31]
k: 288, current_cost: 158.0, current_schedule: [30, 14, 4, 3, 10, 9, 8, 23, 20, 22, 7, 21, 19, 18, 6, 17, 16, 13, 29, 28, 27, 26, 25, 12, 24, 5, 2, 15, 11, 1, 31]
k: 289, current_cost: 158.0, current_schedule: [30, 14, 4, 3, 10, 9, 8, 23, 20, 22, 7, 21, 19, 18, 6, 17, 16, 13, 29, 28, 27, 26, 25, 12, 24, 5, 2, 15, 11, 1, 31]
k: 290, current_cost: 158.0, current_schedule: [30, 14, 4, 3, 10, 9, 8, 23, 20, 22, 7, 21, 19, 18, 6, 17, 16, 13, 29, 28, 27, 26, 25, 12, 24, 5, 2, 15, 11, 1, 31]
k: 291, current_cost: 158.0, current_schedule: [30, 14, 4, 3, 10, 9, 8, 23, 20, 22, 7, 21, 19, 18, 6, 17, 16, 13, 29, 28, 27, 26, 25, 12, 24, 5, 2, 15, 11, 1, 31]
k: 292, current_cost: 158.0, current_schedule: [30, 14, 4, 3, 10, 9, 8, 23, 20, 22, 7, 21, 19, 18, 6, 17, 16, 13, 29, 28, 27, 26, 25, 12, 24, 5, 2, 15, 11, 1, 31]
k: 293, current_cost: 158.0, current_schedule: [30, 14, 4, 3, 10, 9, 8, 23, 20, 22, 7, 21, 19, 18, 6, 17, 16, 13, 29, 28, 27, 26, 25, 12, 24, 5, 2, 15, 11, 1, 31]
k: 294, current_cost: 158.0, current_schedule: [30, 14, 4, 3, 10, 9, 8, 23, 20, 22, 7, 21, 19, 18, 6, 17, 16, 13, 29, 28, 27, 26, 25, 12, 24, 5, 2, 15, 11, 1, 31]
k: 295, current_cost: 158.0, current_schedule: [30, 14, 4, 3, 10, 9, 8, 23, 20, 22, 7, 21, 19, 18, 6, 17, 16, 13, 29, 28, 27, 26, 25, 12, 24, 5, 2, 15, 11, 1, 31]
k: 296, current_cost: 158.0, current_schedule: [30, 14, 4, 3, 10, 9, 8, 23, 20, 22, 7, 21, 19, 18, 6, 17, 16, 13, 29, 28, 27, 26, 25, 12, 24, 5, 2, 15, 11, 1, 31]
k: 297, current_cost: 158.0, current_schedule: [30, 14, 4, 3, 10, 9, 8, 23, 20, 22, 7, 21, 19, 18, 6, 17, 16, 13, 29, 28, 27, 26, 25, 12, 24, 5, 2, 15, 11, 1, 31]
k: 298, current_cost: 158.0, current_schedule: [30, 14, 4, 3, 10, 9, 8, 23, 20, 22, 7, 21, 19, 18, 6, 17, 16, 13, 29, 28, 27, 26, 25, 12, 24, 5, 2, 15, 11, 1, 31]
k: 299, current_cost: 158.0, current_schedule: [30, 14, 4, 3, 10, 9, 8, 23, 20, 22, 7, 21, 19, 18, 6, 17, 16, 13, 29, 28, 27, 26, 25, 12, 24, 5, 2, 15, 11, 1, 31]
k: 300, current_cost: 158.0, current_schedule: [30, 14, 4, 3, 10, 9, 8, 23, 20, 22, 7, 21, 19, 18, 6, 17, 16, 13, 29, 28, 27, 26, 25, 12, 24, 5, 2, 15, 11, 1, 31]
k: 301, current_cost: 158.0, current_schedule: [30, 14, 4, 3, 10, 9, 8, 23, 20, 22, 7, 21, 19, 18, 6, 17, 16, 13, 29, 28, 27, 26, 25, 12, 24, 5, 2, 15, 11, 1, 31]
k: 302, current_cost: 158.0, current_schedule: [30, 14, 4, 3, 10, 9, 8, 23, 20, 22, 7, 21, 19, 18, 6, 17, 16, 13, 29, 28, 27, 26, 25, 12, 24, 5, 2, 15, 11, 1, 31]
k: 303, current_cost: 158.0, current_schedule: [30, 14, 4, 3, 10, 9, 8, 23, 20, 22, 7, 21, 19, 18, 6, 17, 16, 13, 29, 28, 27, 26, 25, 12, 24, 5, 2, 15, 11, 1, 31]
k: 304, current_cost: 158.0, current_schedule: [30, 14, 4, 3, 10, 9, 8, 23, 20, 22, 7, 21, 19, 18, 6, 17, 16, 13, 29, 28, 27, 26, 25, 12, 24, 5, 2, 15, 11, 1, 31]
k: 305, current_cost: 158.0, current_schedule: [30, 14, 4, 3, 10, 9, 8, 23, 20, 22, 7, 21, 19, 18, 6, 17, 16, 13, 29, 28, 27, 26, 25, 12, 24, 5, 2, 15, 11, 1, 31]
k: 306, current_cost: 158.0, current_schedule: [30, 14, 4, 3, 10, 9, 8, 23, 20, 22, 7, 21, 19, 18, 6, 17, 16, 13, 29, 28, 27, 26, 25, 12, 24, 5, 2, 15, 11, 1, 31]
k: 307, current_cost: 158.0, current_schedule: [30, 14, 4, 3, 10, 9, 8, 23, 20, 22, 7, 21, 19, 18, 6, 17, 16, 13, 29, 28, 27, 26, 25, 12, 24, 5, 2, 15, 11, 1, 31]
k: 308, current_cost: 158.0, current_schedule: [30, 14, 4, 3, 10, 9, 8, 23, 20, 22, 7, 21, 19, 18, 6, 17, 16, 13, 29, 28, 27, 26, 25, 12, 24, 5, 2, 15, 11, 1, 31]
k: 309, current_cost: 158.0, current_schedule: [30, 14, 4, 3, 10, 9, 8, 23, 20, 22, 7, 21, 19, 18, 6, 17, 16, 13, 29, 28, 27, 26, 25, 12, 24, 5, 2, 15, 11, 1, 31]
k: 310, current_cost: 158.0, current_schedule: [30, 14, 4, 3, 10, 9, 8, 23, 20, 22, 7, 21, 19, 18, 6, 17, 16, 13, 29, 28, 27, 26, 25, 12, 24, 5, 2, 15, 11, 1, 31]
k: 311, current_cost: 158.0, current_schedule: [30, 14, 4, 3, 10, 9, 8, 23, 20, 22, 7, 21, 19, 18, 6, 17, 16, 13, 29, 28, 27, 26, 25, 12, 24, 5, 2, 15, 11, 1, 31]
k: 312, current_cost: 158.0, current_schedule: [30, 14, 4, 3, 10, 9, 8, 23, 20, 22, 7, 21, 19, 18, 6, 17, 16, 13, 29, 28, 27, 26, 25, 12, 24, 5, 2, 15, 11, 1, 31]
k: 313, current_cost: 158.0, current_schedule: [30, 14, 4, 3, 10, 9, 8, 23, 20, 22, 7, 21, 19, 18, 6, 17, 16, 13, 29, 28, 27, 26, 25, 12, 24, 5, 2, 15, 11, 1, 31]
k: 314, current_cost: 158.0, current_schedule: [30, 14, 4, 3, 10, 9, 8, 23, 20, 22, 7, 21, 19, 18, 6, 17, 16, 13, 29, 28, 27, 26, 25, 12, 24, 5, 2, 15, 11, 1, 31]
k: 315, current_cost: 158.0, current_schedule: [30, 14, 4, 3, 10, 9, 8, 23, 20, 22, 7, 21, 19, 18, 6, 17, 16, 13, 29, 28, 27, 26, 25, 12, 24, 5, 2, 15, 11, 1, 31]
k: 316, current_cost: 158.0, current_schedule: [30, 14, 4, 3, 10, 9, 8, 23, 20, 22, 7, 21, 19, 18, 6, 17, 16, 13, 29, 28, 27, 26, 25, 12, 24, 5, 2, 15, 11, 1, 31]
k: 317, current_cost: 158.0, current_schedule: [30, 14, 4, 3, 10, 9, 8, 23, 20, 22, 7, 21, 19, 18, 6, 17, 16, 13, 29, 28, 27, 26, 25, 12, 24, 5, 2, 15, 11, 1, 31]
k: 318, current_cost: 158.0, current_schedule: [30, 14, 4, 3, 10, 9, 8, 23, 20, 22, 7, 21, 19, 18, 6, 17, 16, 13, 29, 28, 27, 26, 25, 12, 24, 5, 2, 15, 11, 1, 31]
k: 319, current_cost: 158.0, current_schedule: [30, 14, 4, 3, 10, 9, 8, 23, 20, 22, 7, 21, 19, 18, 6, 17, 16, 13, 29, 28, 27, 26, 25, 12, 24, 5, 2, 15, 11, 1, 31]
k: 320, current_cost: 158.0, current_schedule: [30, 14, 4, 3, 10, 9, 8, 23, 20, 22, 7, 21, 19, 18, 6, 17, 16, 13, 29, 28, 27, 26, 25, 12, 24, 5, 2, 15, 11, 1, 31]
k: 321, current_cost: 158.0, current_schedule: [30, 14, 4, 3, 10, 9, 8, 23, 20, 22, 7, 21, 19, 18, 6, 17, 16, 13, 29, 28, 27, 26, 25, 12, 24, 5, 2, 15, 11, 1, 31]
k: 322, current_cost: 158.0, current_schedule: [30, 14, 4, 3, 10, 9, 8, 23, 20, 22, 7, 21, 19, 18, 6, 17, 16, 13, 29, 28, 27, 26, 25, 12, 24, 5, 2, 15, 11, 1, 31]
k: 323, current_cost: 158.0, current_schedule: [30, 14, 4, 3, 10, 9, 8, 23, 20, 22, 7, 21, 19, 18, 6, 17, 16, 13, 29, 28, 27, 26, 25, 12, 24, 5, 2, 15, 11, 1, 31]
k: 324, current_cost: 158.0, current_schedule: [30, 14, 4, 3, 10, 9, 8, 23, 20, 22, 7, 21, 19, 18, 6, 17, 16, 13, 29, 28, 27, 26, 25, 12, 24, 5, 2, 15, 11, 1, 31]
k: 325, current_cost: 158.0, current_schedule: [30, 14, 4, 3, 10, 9, 8, 23, 20, 22, 7, 21, 19, 18, 6, 17, 16, 13, 29, 28, 27, 26, 25, 12, 24, 5, 2, 15, 11, 1, 31]
k: 326, current_cost: 158.0, current_schedule: [30, 14, 4, 3, 10, 9, 8, 23, 20, 22, 7, 21, 19, 18, 6, 17, 16, 13, 29, 28, 27, 26, 25, 12, 24, 5, 2, 15, 11, 1, 31]
k: 327, current_cost: 158.0, current_schedule: [30, 14, 4, 3, 10, 9, 8, 23, 20, 22, 7, 21, 19, 18, 6, 17, 16, 13, 29, 28, 27, 26, 25, 12, 24, 5, 2, 15, 11, 1, 31]
k: 328, current_cost: 158.0, current_schedule: [30, 14, 4, 3, 10, 9, 8, 23, 20, 22, 7, 21, 19, 18, 6, 17, 16, 13, 29, 28, 27, 26, 25, 12, 24, 5, 2, 15, 11, 1, 31]
k: 329, current_cost: 158.0, current_schedule: [30, 14, 4, 3, 10, 9, 8, 23, 20, 22, 7, 21, 19, 18, 6, 17, 16, 13, 29, 28, 27, 26, 25, 12, 24, 5, 2, 15, 11, 1, 31]
k: 330, current_cost: 158.0, current_schedule: [30, 14, 4, 3, 10, 9, 8, 23, 20, 22, 7, 21, 19, 18, 6, 17, 16, 13, 29, 28, 27, 26, 25, 12, 24, 5, 2, 15, 11, 1, 31]
k: 331, current_cost: 158.0, current_schedule: [30, 14, 4, 3, 10, 9, 8, 23, 20, 22, 7, 21, 19, 18, 6, 17, 16, 13, 29, 28, 27, 26, 25, 12, 24, 5, 2, 15, 11, 1, 31]
k: 332, current_cost: 158.0, current_schedule: [30, 14, 4, 3, 10, 9, 8, 23, 20, 22, 7, 21, 19, 18, 6, 17, 16, 13, 29, 28, 27, 26, 25, 12, 24, 5, 2, 15, 11, 1, 31]
k: 333, current_cost: 158.0, current_schedule: [30, 14, 4, 3, 10, 9, 8, 23, 20, 22, 7, 21, 19, 18, 6, 17, 16, 13, 29, 28, 27, 26, 25, 12, 24, 5, 2, 15, 11, 1, 31]
k: 334, current_cost: 158.0, current_schedule: [30, 14, 4, 3, 10, 9, 8, 23, 20, 22, 7, 21, 19, 18, 6, 17, 16, 13, 29, 28, 27, 26, 25, 12, 24, 5, 2, 15, 11, 1, 31]
k: 335, current_cost: 158.0, current_schedule: [30, 14, 4, 3, 10, 9, 8, 23, 20, 22, 7, 21, 19, 18, 6, 17, 16, 13, 29, 28, 27, 26, 25, 12, 24, 5, 2, 15, 11, 1, 31]
k: 336, current_cost: 158.0, current_schedule: [30, 14, 4, 3, 10, 9, 8, 23, 20, 22, 7, 21, 19, 18, 6, 17, 16, 13, 29, 28, 27, 26, 25, 12, 24, 5, 2, 15, 11, 1, 31]
k: 337, current_cost: 158.0, current_schedule: [30, 14, 4, 3, 10, 9, 8, 23, 20, 22, 7, 21, 19, 18, 6, 17, 16, 13, 29, 28, 27, 26, 25, 12, 24, 5, 2, 15, 11, 1, 31]
k: 338, current_cost: 158.0, current_schedule: [30, 14, 4, 3, 10, 9, 8, 23, 20, 22, 7, 21, 19, 18, 6, 17, 16, 13, 29, 28, 27, 26, 25, 12, 24, 5, 2, 15, 11, 1, 31]
k: 339, current_cost: 158.0, current_schedule: [30, 14, 4, 3, 10, 9, 8, 23, 20, 22, 7, 21, 19, 18, 6, 17, 16, 13, 29, 28, 27, 26, 25, 12, 24, 5, 2, 15, 11, 1, 31]
k: 340, current_cost: 158.0, current_schedule: [30, 14, 4, 3, 10, 9, 8, 23, 20, 22, 7, 21, 19, 18, 6, 17, 16, 13, 29, 28, 27, 26, 25, 12, 24, 5, 2, 15, 11, 1, 31]
k: 341, current_cost: 158.0, current_schedule: [30, 14, 4, 3, 10, 9, 8, 23, 20, 22, 7, 21, 19, 18, 6, 17, 16, 13, 29, 28, 27, 26, 25, 12, 24, 5, 2, 15, 11, 1, 31]
k: 342, current_cost: 158.0, current_schedule: [30, 14, 4, 3, 10, 9, 8, 23, 20, 22, 7, 21, 19, 18, 6, 17, 16, 13, 29, 28, 27, 26, 25, 12, 24, 5, 2, 15, 11, 1, 31]
k: 343, current_cost: 158.0, current_schedule: [30, 14, 4, 3, 10, 9, 8, 23, 20, 22, 7, 21, 19, 18, 6, 17, 16, 13, 29, 28, 27, 26, 25, 12, 24, 5, 2, 15, 11, 1, 31]
k: 344, current_cost: 158.0, current_schedule: [30, 14, 4, 3, 10, 9, 8, 23, 20, 22, 7, 21, 19, 18, 6, 17, 16, 13, 29, 28, 27, 26, 25, 12, 24, 5, 2, 15, 11, 1, 31]
k: 345, current_cost: 158.0, current_schedule: [30, 14, 4, 3, 10, 9, 8, 23, 20, 22, 7, 21, 19, 18, 6, 17, 16, 13, 29, 28, 27, 26, 25, 12, 24, 5, 2, 15, 11, 1, 31]
k: 346, current_cost: 158.0, current_schedule: [30, 14, 4, 3, 10, 9, 8, 23, 20, 22, 7, 21, 19, 18, 6, 17, 16, 13, 29, 28, 27, 26, 25, 12, 24, 5, 2, 15, 11, 1, 31]
k: 347, current_cost: 158.0, current_schedule: [30, 14, 4, 3, 10, 9, 8, 23, 20, 22, 7, 21, 19, 18, 6, 17, 16, 13, 29, 28, 27, 26, 25, 12, 24, 5, 2, 15, 11, 1, 31]
k: 348, current_cost: 158.0, current_schedule: [30, 14, 4, 3, 10, 9, 8, 23, 20, 22, 7, 21, 19, 18, 6, 17, 16, 13, 29, 28, 27, 26, 25, 12, 24, 5, 2, 15, 11, 1, 31]
k: 349, current_cost: 158.0, current_schedule: [30, 14, 4, 3, 10, 9, 8, 23, 20, 22, 7, 21, 19, 18, 6, 17, 16, 13, 29, 28, 27, 26, 25, 12, 24, 5, 2, 15, 11, 1, 31]
k: 350, current_cost: 158.0, current_schedule: [30, 14, 4, 3, 10, 9, 8, 23, 20, 22, 7, 21, 19, 18, 6, 17, 16, 13, 29, 28, 27, 26, 25, 12, 24, 5, 2, 15, 11, 1, 31]
k: 351, current_cost: 158.0, current_schedule: [30, 14, 4, 3, 10, 9, 8, 23, 20, 22, 7, 21, 19, 18, 6, 17, 16, 13, 29, 28, 27, 26, 25, 12, 24, 5, 2, 15, 11, 1, 31]
k: 352, current_cost: 158.0, current_schedule: [30, 14, 4, 3, 10, 9, 8, 23, 20, 22, 7, 21, 19, 18, 6, 17, 16, 13, 29, 28, 27, 26, 25, 12, 24, 5, 2, 15, 11, 1, 31]
k: 353, current_cost: 158.0, current_schedule: [30, 14, 4, 3, 10, 9, 8, 23, 20, 22, 7, 21, 19, 18, 6, 17, 16, 13, 29, 28, 27, 26, 25, 12, 24, 5, 2, 15, 11, 1, 31]
k: 354, current_cost: 158.0, current_schedule: [30, 14, 4, 3, 10, 9, 8, 23, 20, 22, 7, 21, 19, 18, 6, 17, 16, 13, 29, 28, 27, 26, 25, 12, 24, 5, 2, 15, 11, 1, 31]
k: 355, current_cost: 158.0, current_schedule: [30, 14, 4, 3, 10, 9, 8, 23, 20, 22, 7, 21, 19, 18, 6, 17, 16, 13, 29, 28, 27, 26, 25, 12, 24, 5, 2, 15, 11, 1, 31]
k: 356, current_cost: 158.0, current_schedule: [30, 14, 4, 3, 10, 9, 8, 23, 20, 22, 7, 21, 19, 18, 6, 17, 16, 13, 29, 28, 27, 26, 25, 12, 24, 5, 2, 15, 11, 1, 31]
k: 357, current_cost: 158.0, current_schedule: [30, 14, 4, 3, 10, 9, 8, 23, 20, 22, 7, 21, 19, 18, 6, 17, 16, 13, 29, 28, 27, 26, 25, 12, 24, 5, 2, 15, 11, 1, 31]
k: 358, current_cost: 158.0, current_schedule: [30, 14, 4, 3, 10, 9, 8, 23, 20, 22, 7, 21, 19, 18, 6, 17, 16, 13, 29, 28, 27, 26, 25, 12, 24, 5, 2, 15, 11, 1, 31]
k: 359, current_cost: 158.0, current_schedule: [30, 14, 4, 3, 10, 9, 8, 23, 20, 22, 7, 21, 19, 18, 6, 17, 16, 13, 29, 28, 27, 26, 25, 12, 24, 5, 2, 15, 11, 1, 31]
k: 360, current_cost: 158.0, current_schedule: [30, 14, 4, 3, 10, 9, 8, 23, 20, 22, 7, 21, 19, 18, 6, 17, 16, 13, 29, 28, 27, 26, 25, 12, 24, 5, 2, 15, 11, 1, 31]
k: 361, current_cost: 158.0, current_schedule: [30, 14, 4, 3, 10, 9, 8, 23, 20, 22, 7, 21, 19, 18, 6, 17, 16, 13, 29, 28, 27, 26, 25, 12, 24, 5, 2, 15, 11, 1, 31]
k: 362, current_cost: 158.0, current_schedule: [30, 14, 4, 3, 10, 9, 8, 23, 20, 22, 7, 21, 19, 18, 6, 17, 16, 13, 29, 28, 27, 26, 25, 12, 24, 5, 2, 15, 11, 1, 31]
k: 363, current_cost: 158.0, current_schedule: [30, 14, 4, 3, 10, 9, 8, 23, 20, 22, 7, 21, 19, 18, 6, 17, 16, 13, 29, 28, 27, 26, 25, 12, 24, 5, 2, 15, 11, 1, 31]
k: 364, current_cost: 158.0, current_schedule: [30, 14, 4, 3, 10, 9, 8, 23, 20, 22, 7, 21, 19, 18, 6, 17, 16, 13, 29, 28, 27, 26, 25, 12, 24, 5, 2, 15, 11, 1, 31]
k: 365, current_cost: 158.0, current_schedule: [30, 14, 4, 3, 10, 9, 8, 23, 20, 22, 7, 21, 19, 18, 6, 17, 16, 13, 29, 28, 27, 26, 25, 12, 24, 5, 2, 15, 11, 1, 31]
k: 366, current_cost: 158.0, current_schedule: [30, 14, 4, 3, 10, 9, 8, 23, 20, 22, 7, 21, 19, 18, 6, 17, 16, 13, 29, 28, 27, 26, 25, 12, 24, 5, 2, 15, 11, 1, 31]
k: 367, current_cost: 158.0, current_schedule: [30, 14, 4, 3, 10, 9, 8, 23, 20, 22, 7, 21, 19, 18, 6, 17, 16, 13, 29, 28, 27, 26, 25, 12, 24, 5, 2, 15, 11, 1, 31]
k: 368, current_cost: 158.0, current_schedule: [30, 14, 4, 3, 10, 9, 8, 23, 20, 22, 7, 21, 19, 18, 6, 17, 16, 13, 29, 28, 27, 26, 25, 12, 24, 5, 2, 15, 11, 1, 31]
k: 369, current_cost: 158.0, current_schedule: [30, 14, 4, 3, 10, 9, 8, 23, 20, 22, 7, 21, 19, 18, 6, 17, 16, 13, 29, 28, 27, 26, 25, 12, 24, 5, 2, 15, 11, 1, 31]
k: 370, current_cost: 158.0, current_schedule: [30, 14, 4, 3, 10, 9, 8, 23, 20, 22, 7, 21, 19, 18, 6, 17, 16, 13, 29, 28, 27, 26, 25, 12, 24, 5, 2, 15, 11, 1, 31]
k: 371, current_cost: 158.0, current_schedule: [30, 14, 4, 3, 10, 9, 8, 23, 20, 22, 7, 21, 19, 18, 6, 17, 16, 13, 29, 28, 27, 26, 25, 12, 24, 5, 2, 15, 11, 1, 31]
k: 372, current_cost: 158.0, current_schedule: [30, 14, 4, 3, 10, 9, 8, 23, 20, 22, 7, 21, 19, 18, 6, 17, 16, 13, 29, 28, 27, 26, 25, 12, 24, 5, 2, 15, 11, 1, 31]
k: 373, current_cost: 158.0, current_schedule: [30, 14, 4, 3, 10, 9, 8, 23, 20, 22, 7, 21, 19, 18, 6, 17, 16, 13, 29, 28, 27, 26, 25, 12, 24, 5, 2, 15, 11, 1, 31]
k: 374, current_cost: 158.0, current_schedule: [30, 14, 4, 3, 10, 9, 8, 23, 20, 22, 7, 21, 19, 18, 6, 17, 16, 13, 29, 28, 27, 26, 25, 12, 24, 5, 2, 15, 11, 1, 31]
k: 375, current_cost: 158.0, current_schedule: [30, 14, 4, 3, 10, 9, 8, 23, 20, 22, 7, 21, 19, 18, 6, 17, 16, 13, 29, 28, 27, 26, 25, 12, 24, 5, 2, 15, 11, 1, 31]
k: 376, current_cost: 158.0, current_schedule: [30, 14, 4, 3, 10, 9, 8, 23, 20, 22, 7, 21, 19, 18, 6, 17, 16, 13, 29, 28, 27, 26, 25, 12, 24, 5, 2, 15, 11, 1, 31]
k: 377, current_cost: 158.0, current_schedule: [30, 14, 4, 3, 10, 9, 8, 23, 20, 22, 7, 21, 19, 18, 6, 17, 16, 13, 29, 28, 27, 26, 25, 12, 24, 5, 2, 15, 11, 1, 31]
k: 378, current_cost: 158.0, current_schedule: [30, 14, 4, 3, 10, 9, 8, 23, 20, 22, 7, 21, 19, 18, 6, 17, 16, 13, 29, 28, 27, 26, 25, 12, 24, 5, 2, 15, 11, 1, 31]
k: 379, current_cost: 158.0, current_schedule: [30, 14, 4, 3, 10, 9, 8, 23, 20, 22, 7, 21, 19, 18, 6, 17, 16, 13, 29, 28, 27, 26, 25, 12, 24, 5, 2, 15, 11, 1, 31]
k: 380, current_cost: 158.0, current_schedule: [30, 14, 4, 3, 10, 9, 8, 23, 20, 22, 7, 21, 19, 18, 6, 17, 16, 13, 29, 28, 27, 26, 25, 12, 24, 5, 2, 15, 11, 1, 31]
k: 381, current_cost: 158.0, current_schedule: [30, 14, 4, 3, 10, 9, 8, 23, 20, 22, 7, 21, 19, 18, 6, 17, 16, 13, 29, 28, 27, 26, 25, 12, 24, 5, 2, 15, 11, 1, 31]
k: 382, current_cost: 158.0, current_schedule: [30, 14, 4, 3, 10, 9, 8, 23, 20, 22, 7, 21, 19, 18, 6, 17, 16, 13, 29, 28, 27, 26, 25, 12, 24, 5, 2, 15, 11, 1, 31]
k: 383, current_cost: 158.0, current_schedule: [30, 14, 4, 3, 10, 9, 8, 23, 20, 22, 7, 21, 19, 18, 6, 17, 16, 13, 29, 28, 27, 26, 25, 12, 24, 5, 2, 15, 11, 1, 31]
k: 384, current_cost: 158.0, current_schedule: [30, 14, 4, 3, 10, 9, 8, 23, 20, 22, 7, 21, 19, 18, 6, 17, 16, 13, 29, 28, 27, 26, 25, 12, 24, 5, 2, 15, 11, 1, 31]
k: 385, current_cost: 158.0, current_schedule: [30, 14, 4, 3, 10, 9, 8, 23, 20, 22, 7, 21, 19, 18, 6, 17, 16, 13, 29, 28, 27, 26, 25, 12, 24, 5, 2, 15, 11, 1, 31]
k: 386, current_cost: 158.0, current_schedule: [30, 14, 4, 3, 10, 9, 8, 23, 20, 22, 7, 21, 19, 18, 6, 17, 16, 13, 29, 28, 27, 26, 25, 12, 24, 5, 2, 15, 11, 1, 31]
k: 387, current_cost: 158.0, current_schedule: [30, 14, 4, 3, 10, 9, 8, 23, 20, 22, 7, 21, 19, 18, 6, 17, 16, 13, 29, 28, 27, 26, 25, 12, 24, 5, 2, 15, 11, 1, 31]
k: 388, current_cost: 158.0, current_schedule: [30, 14, 4, 3, 10, 9, 8, 23, 20, 22, 7, 21, 19, 18, 6, 17, 16, 13, 29, 28, 27, 26, 25, 12, 24, 5, 2, 15, 11, 1, 31]
k: 389, current_cost: 158.0, current_schedule: [30, 14, 4, 3, 10, 9, 8, 23, 20, 22, 7, 21, 19, 18, 6, 17, 16, 13, 29, 28, 27, 26, 25, 12, 24, 5, 2, 15, 11, 1, 31]
k: 390, current_cost: 158.0, current_schedule: [30, 14, 4, 3, 10, 9, 8, 23, 20, 22, 7, 21, 19, 18, 6, 17, 16, 13, 29, 28, 27, 26, 25, 12, 24, 5, 2, 15, 11, 1, 31]
k: 391, current_cost: 158.0, current_schedule: [30, 14, 4, 3, 10, 9, 8, 23, 20, 22, 7, 21, 19, 18, 6, 17, 16, 13, 29, 28, 27, 26, 25, 12, 24, 5, 2, 15, 11, 1, 31]
k: 392, current_cost: 158.0, current_schedule: [30, 14, 4, 3, 10, 9, 8, 23, 20, 22, 7, 21, 19, 18, 6, 17, 16, 13, 29, 28, 27, 26, 25, 12, 24, 5, 2, 15, 11, 1, 31]
k: 393, current_cost: 158.0, current_schedule: [30, 14, 4, 3, 10, 9, 8, 23, 20, 22, 7, 21, 19, 18, 6, 17, 16, 13, 29, 28, 27, 26, 25, 12, 24, 5, 2, 15, 11, 1, 31]
k: 394, current_cost: 158.0, current_schedule: [30, 14, 4, 3, 10, 9, 8, 23, 20, 22, 7, 21, 19, 18, 6, 17, 16, 13, 29, 28, 27, 26, 25, 12, 24, 5, 2, 15, 11, 1, 31]
k: 395, current_cost: 158.0, current_schedule: [30, 14, 4, 3, 10, 9, 8, 23, 20, 22, 7, 21, 19, 18, 6, 17, 16, 13, 29, 28, 27, 26, 25, 12, 24, 5, 2, 15, 11, 1, 31]
k: 396, current_cost: 158.0, current_schedule: [30, 14, 4, 3, 10, 9, 8, 23, 20, 22, 7, 21, 19, 18, 6, 17, 16, 13, 29, 28, 27, 26, 25, 12, 24, 5, 2, 15, 11, 1, 31]
k: 397, current_cost: 158.0, current_schedule: [30, 14, 4, 3, 10, 9, 8, 23, 20, 22, 7, 21, 19, 18, 6, 17, 16, 13, 29, 28, 27, 26, 25, 12, 24, 5, 2, 15, 11, 1, 31]
k: 398, current_cost: 158.0, current_schedule: [30, 14, 4, 3, 10, 9, 8, 23, 20, 22, 7, 21, 19, 18, 6, 17, 16, 13, 29, 28, 27, 26, 25, 12, 24, 5, 2, 15, 11, 1, 31]
k: 399, current_cost: 158.0, current_schedule: [30, 14, 4, 3, 10, 9, 8, 23, 20, 22, 7, 21, 19, 18, 6, 17, 16, 13, 29, 28, 27, 26, 25, 12, 24, 5, 2, 15, 11, 1, 31]
k: 400, current_cost: 158.0, current_schedule: [30, 14, 4, 3, 10, 9, 8, 23, 20, 22, 7, 21, 19, 18, 6, 17, 16, 13, 29, 28, 27, 26, 25, 12, 24, 5, 2, 15, 11, 1, 31]
k: 401, current_cost: 158.0, current_schedule: [30, 14, 4, 3, 10, 9, 8, 23, 20, 22, 7, 21, 19, 18, 6, 17, 16, 13, 29, 28, 27, 26, 25, 12, 24, 5, 2, 15, 11, 1, 31]
k: 402, current_cost: 158.0, current_schedule: [30, 14, 4, 3, 10, 9, 8, 23, 20, 22, 7, 21, 19, 18, 6, 17, 16, 13, 29, 28, 27, 26, 25, 12, 24, 5, 2, 15, 11, 1, 31]
k: 403, current_cost: 158.0, current_schedule: [30, 14, 4, 3, 10, 9, 8, 23, 20, 22, 7, 21, 19, 18, 6, 17, 16, 13, 29, 28, 27, 26, 25, 12, 24, 5, 2, 15, 11, 1, 31]
k: 404, current_cost: 158.0, current_schedule: [30, 14, 4, 3, 10, 9, 8, 23, 20, 22, 7, 21, 19, 18, 6, 17, 16, 13, 29, 28, 27, 26, 25, 12, 24, 5, 2, 15, 11, 1, 31]
k: 405, current_cost: 158.0, current_schedule: [30, 14, 4, 3, 10, 9, 8, 23, 20, 22, 7, 21, 19, 18, 6, 17, 16, 13, 29, 28, 27, 26, 25, 12, 24, 5, 2, 15, 11, 1, 31]
k: 406, current_cost: 158.0, current_schedule: [30, 14, 4, 3, 10, 9, 8, 23, 20, 22, 7, 21, 19, 18, 6, 17, 16, 13, 29, 28, 27, 26, 25, 12, 24, 5, 2, 15, 11, 1, 31]
k: 407, current_cost: 158.0, current_schedule: [30, 14, 4, 3, 10, 9, 8, 23, 20, 22, 7, 21, 19, 18, 6, 17, 16, 13, 29, 28, 27, 26, 25, 12, 24, 5, 2, 15, 11, 1, 31]
k: 408, current_cost: 158.0, current_schedule: [30, 14, 4, 3, 10, 9, 8, 23, 20, 22, 7, 21, 19, 18, 6, 17, 16, 13, 29, 28, 27, 26, 25, 12, 24, 5, 2, 15, 11, 1, 31]
k: 409, current_cost: 158.0, current_schedule: [30, 14, 4, 3, 10, 9, 8, 23, 20, 22, 7, 21, 19, 18, 6, 17, 16, 13, 29, 28, 27, 26, 25, 12, 24, 5, 2, 15, 11, 1, 31]
k: 410, current_cost: 158.0, current_schedule: [30, 14, 4, 3, 10, 9, 8, 23, 20, 22, 7, 21, 19, 18, 6, 17, 16, 13, 29, 28, 27, 26, 25, 12, 24, 5, 2, 15, 11, 1, 31]
k: 411, current_cost: 158.0, current_schedule: [30, 14, 4, 3, 10, 9, 8, 23, 20, 22, 7, 21, 19, 18, 6, 17, 16, 13, 29, 28, 27, 26, 25, 12, 24, 5, 2, 15, 11, 1, 31]
k: 412, current_cost: 158.0, current_schedule: [30, 14, 4, 3, 10, 9, 8, 23, 20, 22, 7, 21, 19, 18, 6, 17, 16, 13, 29, 28, 27, 26, 25, 12, 24, 5, 2, 15, 11, 1, 31]
k: 413, current_cost: 158.0, current_schedule: [30, 14, 4, 3, 10, 9, 8, 23, 20, 22, 7, 21, 19, 18, 6, 17, 16, 13, 29, 28, 27, 26, 25, 12, 24, 5, 2, 15, 11, 1, 31]
k: 414, current_cost: 158.0, current_schedule: [30, 14, 4, 3, 10, 9, 8, 23, 20, 22, 7, 21, 19, 18, 6, 17, 16, 13, 29, 28, 27, 26, 25, 12, 24, 5, 2, 15, 11, 1, 31]
k: 415, current_cost: 158.0, current_schedule: [30, 14, 4, 3, 10, 9, 8, 23, 20, 22, 7, 21, 19, 18, 6, 17, 16, 13, 29, 28, 27, 26, 25, 12, 24, 5, 2, 15, 11, 1, 31]
k: 416, current_cost: 158.0, current_schedule: [30, 14, 4, 3, 10, 9, 8, 23, 20, 22, 7, 21, 19, 18, 6, 17, 16, 13, 29, 28, 27, 26, 25, 12, 24, 5, 2, 15, 11, 1, 31]
k: 417, current_cost: 158.0, current_schedule: [30, 14, 4, 3, 10, 9, 8, 23, 20, 22, 7, 21, 19, 18, 6, 17, 16, 13, 29, 28, 27, 26, 25, 12, 24, 5, 2, 15, 11, 1, 31]
k: 418, current_cost: 158.0, current_schedule: [30, 14, 4, 3, 10, 9, 8, 23, 20, 22, 7, 21, 19, 18, 6, 17, 16, 13, 29, 28, 27, 26, 25, 12, 24, 5, 2, 15, 11, 1, 31]
k: 419, current_cost: 158.0, current_schedule: [30, 14, 4, 3, 10, 9, 8, 23, 20, 22, 7, 21, 19, 18, 6, 17, 16, 13, 29, 28, 27, 26, 25, 12, 24, 5, 2, 15, 11, 1, 31]
k: 420, current_cost: 158.0, current_schedule: [30, 14, 4, 3, 10, 9, 8, 23, 20, 22, 7, 21, 19, 18, 6, 17, 16, 13, 29, 28, 27, 26, 25, 12, 24, 5, 2, 15, 11, 1, 31]
k: 421, current_cost: 158.0, current_schedule: [30, 14, 4, 3, 10, 9, 8, 23, 20, 22, 7, 21, 19, 18, 6, 17, 16, 13, 29, 28, 27, 26, 25, 12, 24, 5, 2, 15, 11, 1, 31]
k: 422, current_cost: 158.0, current_schedule: [30, 14, 4, 3, 10, 9, 8, 23, 20, 22, 7, 21, 19, 18, 6, 17, 16, 13, 29, 28, 27, 26, 25, 12, 24, 5, 2, 15, 11, 1, 31]
k: 423, current_cost: 158.0, current_schedule: [30, 14, 4, 3, 10, 9, 8, 23, 20, 22, 7, 21, 19, 18, 6, 17, 16, 13, 29, 28, 27, 26, 25, 12, 24, 5, 2, 15, 11, 1, 31]
k: 424, current_cost: 158.0, current_schedule: [30, 14, 4, 3, 10, 9, 8, 23, 20, 22, 7, 21, 19, 18, 6, 17, 16, 13, 29, 28, 27, 26, 25, 12, 24, 5, 2, 15, 11, 1, 31]
k: 425, current_cost: 158.0, current_schedule: [30, 14, 4, 3, 10, 9, 8, 23, 20, 22, 7, 21, 19, 18, 6, 17, 16, 13, 29, 28, 27, 26, 25, 12, 24, 5, 2, 15, 11, 1, 31]
k: 426, current_cost: 158.0, current_schedule: [30, 14, 4, 3, 10, 9, 8, 23, 20, 22, 7, 21, 19, 18, 6, 17, 16, 13, 29, 28, 27, 26, 25, 12, 24, 5, 2, 15, 11, 1, 31]
k: 427, current_cost: 158.0, current_schedule: [30, 14, 4, 3, 10, 9, 8, 23, 20, 22, 7, 21, 19, 18, 6, 17, 16, 13, 29, 28, 27, 26, 25, 12, 24, 5, 2, 15, 11, 1, 31]
k: 428, current_cost: 158.0, current_schedule: [30, 14, 4, 3, 10, 9, 8, 23, 20, 22, 7, 21, 19, 18, 6, 17, 16, 13, 29, 28, 27, 26, 25, 12, 24, 5, 2, 15, 11, 1, 31]
k: 429, current_cost: 158.0, current_schedule: [30, 14, 4, 3, 10, 9, 8, 23, 20, 22, 7, 21, 19, 18, 6, 17, 16, 13, 29, 28, 27, 26, 25, 12, 24, 5, 2, 15, 11, 1, 31]
k: 430, current_cost: 158.0, current_schedule: [30, 14, 4, 3, 10, 9, 8, 23, 20, 22, 7, 21, 19, 18, 6, 17, 16, 13, 29, 28, 27, 26, 25, 12, 24, 5, 2, 15, 11, 1, 31]
k: 431, current_cost: 158.0, current_schedule: [30, 14, 4, 3, 10, 9, 8, 23, 20, 22, 7, 21, 19, 18, 6, 17, 16, 13, 29, 28, 27, 26, 25, 12, 24, 5, 2, 15, 11, 1, 31]
k: 432, current_cost: 158.0, current_schedule: [30, 14, 4, 3, 10, 9, 8, 23, 20, 22, 7, 21, 19, 18, 6, 17, 16, 13, 29, 28, 27, 26, 25, 12, 24, 5, 2, 15, 11, 1, 31]
k: 433, current_cost: 158.0, current_schedule: [30, 14, 4, 3, 10, 9, 8, 23, 20, 22, 7, 21, 19, 18, 6, 17, 16, 13, 29, 28, 27, 26, 25, 12, 24, 5, 2, 15, 11, 1, 31]
k: 434, current_cost: 158.0, current_schedule: [30, 14, 4, 3, 10, 9, 8, 23, 20, 22, 7, 21, 19, 18, 6, 17, 16, 13, 29, 28, 27, 26, 25, 12, 24, 5, 2, 15, 11, 1, 31]
k: 435, current_cost: 158.0, current_schedule: [30, 14, 4, 3, 10, 9, 8, 23, 20, 22, 7, 21, 19, 18, 6, 17, 16, 13, 29, 28, 27, 26, 25, 12, 24, 5, 2, 15, 11, 1, 31]
k: 436, current_cost: 158.0, current_schedule: [30, 14, 4, 3, 10, 9, 8, 23, 20, 22, 7, 21, 19, 18, 6, 17, 16, 13, 29, 28, 27, 26, 25, 12, 24, 5, 2, 15, 11, 1, 31]
k: 437, current_cost: 158.0, current_schedule: [30, 14, 4, 3, 10, 9, 8, 23, 20, 22, 7, 21, 19, 18, 6, 17, 16, 13, 29, 28, 27, 26, 25, 12, 24, 5, 2, 15, 11, 1, 31]
k: 438, current_cost: 158.0, current_schedule: [30, 14, 4, 3, 10, 9, 8, 23, 20, 22, 7, 21, 19, 18, 6, 17, 16, 13, 29, 28, 27, 26, 25, 12, 24, 5, 2, 15, 11, 1, 31]
k: 439, current_cost: 158.0, current_schedule: [30, 14, 4, 3, 10, 9, 8, 23, 20, 22, 7, 21, 19, 18, 6, 17, 16, 13, 29, 28, 27, 26, 25, 12, 24, 5, 2, 15, 11, 1, 31]
k: 440, current_cost: 158.0, current_schedule: [30, 14, 4, 3, 10, 9, 8, 23, 20, 22, 7, 21, 19, 18, 6, 17, 16, 13, 29, 28, 27, 26, 25, 12, 24, 5, 2, 15, 11, 1, 31]
k: 441, current_cost: 158.0, current_schedule: [30, 14, 4, 3, 10, 9, 8, 23, 20, 22, 7, 21, 19, 18, 6, 17, 16, 13, 29, 28, 27, 26, 25, 12, 24, 5, 2, 15, 11, 1, 31]
k: 442, current_cost: 158.0, current_schedule: [30, 14, 4, 3, 10, 9, 8, 23, 20, 22, 7, 21, 19, 18, 6, 17, 16, 13, 29, 28, 27, 26, 25, 12, 24, 5, 2, 15, 11, 1, 31]
k: 443, current_cost: 158.0, current_schedule: [30, 14, 4, 3, 10, 9, 8, 23, 20, 22, 7, 21, 19, 18, 6, 17, 16, 13, 29, 28, 27, 26, 25, 12, 24, 5, 2, 15, 11, 1, 31]
k: 444, current_cost: 158.0, current_schedule: [30, 14, 4, 3, 10, 9, 8, 23, 20, 22, 7, 21, 19, 18, 6, 17, 16, 13, 29, 28, 27, 26, 25, 12, 24, 5, 2, 15, 11, 1, 31]
k: 445, current_cost: 158.0, current_schedule: [30, 14, 4, 3, 10, 9, 8, 23, 20, 22, 7, 21, 19, 18, 6, 17, 16, 13, 29, 28, 27, 26, 25, 12, 24, 5, 2, 15, 11, 1, 31]
k: 446, current_cost: 158.0, current_schedule: [30, 14, 4, 3, 10, 9, 8, 23, 20, 22, 7, 21, 19, 18, 6, 17, 16, 13, 29, 28, 27, 26, 25, 12, 24, 5, 2, 15, 11, 1, 31]
k: 447, current_cost: 158.0, current_schedule: [30, 14, 4, 3, 10, 9, 8, 23, 20, 22, 7, 21, 19, 18, 6, 17, 16, 13, 29, 28, 27, 26, 25, 12, 24, 5, 2, 15, 11, 1, 31]
k: 448, current_cost: 158.0, current_schedule: [30, 14, 4, 3, 10, 9, 8, 23, 20, 22, 7, 21, 19, 18, 6, 17, 16, 13, 29, 28, 27, 26, 25, 12, 24, 5, 2, 15, 11, 1, 31]
k: 449, current_cost: 158.0, current_schedule: [30, 14, 4, 3, 10, 9, 8, 23, 20, 22, 7, 21, 19, 18, 6, 17, 16, 13, 29, 28, 27, 26, 25, 12, 24, 5, 2, 15, 11, 1, 31]
k: 450, current_cost: 158.0, current_schedule: [30, 14, 4, 3, 10, 9, 8, 23, 20, 22, 7, 21, 19, 18, 6, 17, 16, 13, 29, 28, 27, 26, 25, 12, 24, 5, 2, 15, 11, 1, 31]
k: 451, current_cost: 158.0, current_schedule: [30, 14, 4, 3, 10, 9, 8, 23, 20, 22, 7, 21, 19, 18, 6, 17, 16, 13, 29, 28, 27, 26, 25, 12, 24, 5, 2, 15, 11, 1, 31]
k: 452, current_cost: 158.0, current_schedule: [30, 14, 4, 3, 10, 9, 8, 23, 20, 22, 7, 21, 19, 18, 6, 17, 16, 13, 29, 28, 27, 26, 25, 12, 24, 5, 2, 15, 11, 1, 31]
k: 453, current_cost: 158.0, current_schedule: [30, 14, 4, 3, 10, 9, 8, 23, 20, 22, 7, 21, 19, 18, 6, 17, 16, 13, 29, 28, 27, 26, 25, 12, 24, 5, 2, 15, 11, 1, 31]
k: 454, current_cost: 158.0, current_schedule: [30, 14, 4, 3, 10, 9, 8, 23, 20, 22, 7, 21, 19, 18, 6, 17, 16, 13, 29, 28, 27, 26, 25, 12, 24, 5, 2, 15, 11, 1, 31]
k: 455, current_cost: 158.0, current_schedule: [30, 14, 4, 3, 10, 9, 8, 23, 20, 22, 7, 21, 19, 18, 6, 17, 16, 13, 29, 28, 27, 26, 25, 12, 24, 5, 2, 15, 11, 1, 31]
k: 456, current_cost: 158.0, current_schedule: [30, 14, 4, 3, 10, 9, 8, 23, 20, 22, 7, 21, 19, 18, 6, 17, 16, 13, 29, 28, 27, 26, 25, 12, 24, 5, 2, 15, 11, 1, 31]
k: 457, current_cost: 158.0, current_schedule: [30, 14, 4, 3, 10, 9, 8, 23, 20, 22, 7, 21, 19, 18, 6, 17, 16, 13, 29, 28, 27, 26, 25, 12, 24, 5, 2, 15, 11, 1, 31]
k: 458, current_cost: 158.0, current_schedule: [30, 14, 4, 3, 10, 9, 8, 23, 20, 22, 7, 21, 19, 18, 6, 17, 16, 13, 29, 28, 27, 26, 25, 12, 24, 5, 2, 15, 11, 1, 31]
k: 459, current_cost: 158.0, current_schedule: [30, 14, 4, 3, 10, 9, 8, 23, 20, 22, 7, 21, 19, 18, 6, 17, 16, 13, 29, 28, 27, 26, 25, 12, 24, 5, 2, 15, 11, 1, 31]
k: 460, current_cost: 158.0, current_schedule: [30, 14, 4, 3, 10, 9, 8, 23, 20, 22, 7, 21, 19, 18, 6, 17, 16, 13, 29, 28, 27, 26, 25, 12, 24, 5, 2, 15, 11, 1, 31]
k: 461, current_cost: 158.0, current_schedule: [30, 14, 4, 3, 10, 9, 8, 23, 20, 22, 7, 21, 19, 18, 6, 17, 16, 13, 29, 28, 27, 26, 25, 12, 24, 5, 2, 15, 11, 1, 31]
k: 462, current_cost: 158.0, current_schedule: [30, 14, 4, 3, 10, 9, 8, 23, 20, 22, 7, 21, 19, 18, 6, 17, 16, 13, 29, 28, 27, 26, 25, 12, 24, 5, 2, 15, 11, 1, 31]
k: 463, current_cost: 158.0, current_schedule: [30, 14, 4, 3, 10, 9, 8, 23, 20, 22, 7, 21, 19, 18, 6, 17, 16, 13, 29, 28, 27, 26, 25, 12, 24, 5, 2, 15, 11, 1, 31]
k: 464, current_cost: 158.0, current_schedule: [30, 14, 4, 3, 10, 9, 8, 23, 20, 22, 7, 21, 19, 18, 6, 17, 16, 13, 29, 28, 27, 26, 25, 12, 24, 5, 2, 15, 11, 1, 31]
k: 465, current_cost: 158.0, current_schedule: [30, 14, 4, 3, 10, 9, 8, 23, 20, 22, 7, 21, 19, 18, 6, 17, 16, 13, 29, 28, 27, 26, 25, 12, 24, 5, 2, 15, 11, 1, 31]
k: 466, current_cost: 158.0, current_schedule: [30, 14, 4, 3, 10, 9, 8, 23, 20, 22, 7, 21, 19, 18, 6, 17, 16, 13, 29, 28, 27, 26, 25, 12, 24, 5, 2, 15, 11, 1, 31]
k: 467, current_cost: 158.0, current_schedule: [30, 14, 4, 3, 10, 9, 8, 23, 20, 22, 7, 21, 19, 18, 6, 17, 16, 13, 29, 28, 27, 26, 25, 12, 24, 5, 2, 15, 11, 1, 31]
k: 468, current_cost: 158.0, current_schedule: [30, 14, 4, 3, 10, 9, 8, 23, 20, 22, 7, 21, 19, 18, 6, 17, 16, 13, 29, 28, 27, 26, 25, 12, 24, 5, 2, 15, 11, 1, 31]
k: 469, current_cost: 158.0, current_schedule: [30, 14, 4, 3, 10, 9, 8, 23, 20, 22, 7, 21, 19, 18, 6, 17, 16, 13, 29, 28, 27, 26, 25, 12, 24, 5, 2, 15, 11, 1, 31]
k: 470, current_cost: 158.0, current_schedule: [30, 14, 4, 3, 10, 9, 8, 23, 20, 22, 7, 21, 19, 18, 6, 17, 16, 13, 29, 28, 27, 26, 25, 12, 24, 5, 2, 15, 11, 1, 31]
k: 471, current_cost: 158.0, current_schedule: [30, 14, 4, 3, 10, 9, 8, 23, 20, 22, 7, 21, 19, 18, 6, 17, 16, 13, 29, 28, 27, 26, 25, 12, 24, 5, 2, 15, 11, 1, 31]
k: 472, current_cost: 158.0, current_schedule: [30, 14, 4, 3, 10, 9, 8, 23, 20, 22, 7, 21, 19, 18, 6, 17, 16, 13, 29, 28, 27, 26, 25, 12, 24, 5, 2, 15, 11, 1, 31]
k: 473, current_cost: 158.0, current_schedule: [30, 14, 4, 3, 10, 9, 8, 23, 20, 22, 7, 21, 19, 18, 6, 17, 16, 13, 29, 28, 27, 26, 25, 12, 24, 5, 2, 15, 11, 1, 31]
k: 474, current_cost: 158.0, current_schedule: [30, 14, 4, 3, 10, 9, 8, 23, 20, 22, 7, 21, 19, 18, 6, 17, 16, 13, 29, 28, 27, 26, 25, 12, 24, 5, 2, 15, 11, 1, 31]
k: 475, current_cost: 158.0, current_schedule: [30, 14, 4, 3, 10, 9, 8, 23, 20, 22, 7, 21, 19, 18, 6, 17, 16, 13, 29, 28, 27, 26, 25, 12, 24, 5, 2, 15, 11, 1, 31]
k: 476, current_cost: 158.0, current_schedule: [30, 14, 4, 3, 10, 9, 8, 23, 20, 22, 7, 21, 19, 18, 6, 17, 16, 13, 29, 28, 27, 26, 25, 12, 24, 5, 2, 15, 11, 1, 31]
k: 477, current_cost: 158.0, current_schedule: [30, 14, 4, 3, 10, 9, 8, 23, 20, 22, 7, 21, 19, 18, 6, 17, 16, 13, 29, 28, 27, 26, 25, 12, 24, 5, 2, 15, 11, 1, 31]
k: 478, current_cost: 158.0, current_schedule: [30, 14, 4, 3, 10, 9, 8, 23, 20, 22, 7, 21, 19, 18, 6, 17, 16, 13, 29, 28, 27, 26, 25, 12, 24, 5, 2, 15, 11, 1, 31]
k: 479, current_cost: 158.0, current_schedule: [30, 14, 4, 3, 10, 9, 8, 23, 20, 22, 7, 21, 19, 18, 6, 17, 16, 13, 29, 28, 27, 26, 25, 12, 24, 5, 2, 15, 11, 1, 31]
k: 480, current_cost: 158.0, current_schedule: [30, 14, 4, 3, 10, 9, 8, 23, 20, 22, 7, 21, 19, 18, 6, 17, 16, 13, 29, 28, 27, 26, 25, 12, 24, 5, 2, 15, 11, 1, 31]
k: 481, current_cost: 158.0, current_schedule: [30, 14, 4, 3, 10, 9, 8, 23, 20, 22, 7, 21, 19, 18, 6, 17, 16, 13, 29, 28, 27, 26, 25, 12, 24, 5, 2, 15, 11, 1, 31]
k: 482, current_cost: 158.0, current_schedule: [30, 14, 4, 3, 10, 9, 8, 23, 20, 22, 7, 21, 19, 18, 6, 17, 16, 13, 29, 28, 27, 26, 25, 12, 24, 5, 2, 15, 11, 1, 31]
k: 483, current_cost: 158.0, current_schedule: [30, 14, 4, 3, 10, 9, 8, 23, 20, 22, 7, 21, 19, 18, 6, 17, 16, 13, 29, 28, 27, 26, 25, 12, 24, 5, 2, 15, 11, 1, 31]
k: 484, current_cost: 158.0, current_schedule: [30, 14, 4, 3, 10, 9, 8, 23, 20, 22, 7, 21, 19, 18, 6, 17, 16, 13, 29, 28, 27, 26, 25, 12, 24, 5, 2, 15, 11, 1, 31]
k: 485, current_cost: 158.0, current_schedule: [30, 14, 4, 3, 10, 9, 8, 23, 20, 22, 7, 21, 19, 18, 6, 17, 16, 13, 29, 28, 27, 26, 25, 12, 24, 5, 2, 15, 11, 1, 31]
k: 486, current_cost: 158.0, current_schedule: [30, 14, 4, 3, 10, 9, 8, 23, 20, 22, 7, 21, 19, 18, 6, 17, 16, 13, 29, 28, 27, 26, 25, 12, 24, 5, 2, 15, 11, 1, 31]
k: 487, current_cost: 158.0, current_schedule: [30, 14, 4, 3, 10, 9, 8, 23, 20, 22, 7, 21, 19, 18, 6, 17, 16, 13, 29, 28, 27, 26, 25, 12, 24, 5, 2, 15, 11, 1, 31]
k: 488, current_cost: 158.0, current_schedule: [30, 14, 4, 3, 10, 9, 8, 23, 20, 22, 7, 21, 19, 18, 6, 17, 16, 13, 29, 28, 27, 26, 25, 12, 24, 5, 2, 15, 11, 1, 31]
k: 489, current_cost: 158.0, current_schedule: [30, 14, 4, 3, 10, 9, 8, 23, 20, 22, 7, 21, 19, 18, 6, 17, 16, 13, 29, 28, 27, 26, 25, 12, 24, 5, 2, 15, 11, 1, 31]
k: 490, current_cost: 158.0, current_schedule: [30, 14, 4, 3, 10, 9, 8, 23, 20, 22, 7, 21, 19, 18, 6, 17, 16, 13, 29, 28, 27, 26, 25, 12, 24, 5, 2, 15, 11, 1, 31]
k: 491, current_cost: 158.0, current_schedule: [30, 14, 4, 3, 10, 9, 8, 23, 20, 22, 7, 21, 19, 18, 6, 17, 16, 13, 29, 28, 27, 26, 25, 12, 24, 5, 2, 15, 11, 1, 31]
k: 492, current_cost: 158.0, current_schedule: [30, 14, 4, 3, 10, 9, 8, 23, 20, 22, 7, 21, 19, 18, 6, 17, 16, 13, 29, 28, 27, 26, 25, 12, 24, 5, 2, 15, 11, 1, 31]
k: 493, current_cost: 158.0, current_schedule: [30, 14, 4, 3, 10, 9, 8, 23, 20, 22, 7, 21, 19, 18, 6, 17, 16, 13, 29, 28, 27, 26, 25, 12, 24, 5, 2, 15, 11, 1, 31]
k: 494, current_cost: 158.0, current_schedule: [30, 14, 4, 3, 10, 9, 8, 23, 20, 22, 7, 21, 19, 18, 6, 17, 16, 13, 29, 28, 27, 26, 25, 12, 24, 5, 2, 15, 11, 1, 31]
k: 495, current_cost: 158.0, current_schedule: [30, 14, 4, 3, 10, 9, 8, 23, 20, 22, 7, 21, 19, 18, 6, 17, 16, 13, 29, 28, 27, 26, 25, 12, 24, 5, 2, 15, 11, 1, 31]
k: 496, current_cost: 158.0, current_schedule: [30, 14, 4, 3, 10, 9, 8, 23, 20, 22, 7, 21, 19, 18, 6, 17, 16, 13, 29, 28, 27, 26, 25, 12, 24, 5, 2, 15, 11, 1, 31]
k: 497, current_cost: 158.0, current_schedule: [30, 14, 4, 3, 10, 9, 8, 23, 20, 22, 7, 21, 19, 18, 6, 17, 16, 13, 29, 28, 27, 26, 25, 12, 24, 5, 2, 15, 11, 1, 31]
k: 498, current_cost: 158.0, current_schedule: [30, 14, 4, 3, 10, 9, 8, 23, 20, 22, 7, 21, 19, 18, 6, 17, 16, 13, 29, 28, 27, 26, 25, 12, 24, 5, 2, 15, 11, 1, 31]
k: 499, current_cost: 158.0, current_schedule: [30, 14, 4, 3, 10, 9, 8, 23, 20, 22, 7, 21, 19, 18, 6, 17, 16, 13, 29, 28, 27, 26, 25, 12, 24, 5, 2, 15, 11, 1, 31]
Best schedule: [30, 14, 4, 3, 10, 9, 8, 23, 20, 22, 7, 21, 19, 18, 6, 17, 16, 13, 29, 28, 27, 26, 25, 12, 24, 5, 2, 15, 11, 1, 31]
Best cost: 158.0
